	masse A		
t	x	y	
0.000000E0	-7.968594E-3	-7.971474E-3
1.672827E-2	-1.764434E-2	-1.705903E-2
3.345654E-2	-9.768298E-3	-1.699080E-2
5.018481E-2	-5.362360E-3	-1.917421E-2
6.691307E-2	1.635890E-3	-3.773771E-2
8.364134E-2	2.492496E-2	-5.079489E-2
1.003696E-1	7.224818E-2	-3.298252E-2
1.170979E-1	1.165581E-1	-5.471257E-3
1.338261E-1	1.506846E-1	-6.466100E-2
1.505544E-1	1.562821E-1	-8.543412E-2
1.672827E-1	1.567413E-1	-1.067961E-1
1.840110E-1	1.610691E-1	-1.226379E-1
2.007392E-1	1.677667E-1	-1.364085E-1
2.174675E-1	1.969575E-1	-1.583310E-1
2.341958E-1	2.013209E-1	-1.677589E-1
2.509240E-1	1.955204E-1	-1.500441E-1
2.676523E-1	1.728777E-1	-1.502480E-1
2.843806E-1	1.790552E-1	-1.745025E-1
3.011088E-1	1.786233E-1	-1.719596E-1
3.178371E-1	1.809937E-1	-1.588169E-1
3.345654E-1	1.840776E-1	-1.474643E-1
3.512936E-1	1.835541E-1	-1.345087E-1
3.680219E-1	1.763069E-1	-1.193580E-1
3.847502E-1	1.759938E-1	-1.325275E-1
4.014784E-1	1.863323E-1	-1.771692E-1
4.182067E-1	2.223392E-1	-2.165434E-1
4.349350E-1	2.505769E-1	-2.109074E-1
4.516633E-1	2.618977E-1	-1.622769E-1
4.683915E-1	2.658639E-1	-1.631654E-1
4.851198E-1	2.705464E-1	-1.761276E-1
5.018481E-1	2.743632E-1	-1.706699E-1
5.185763E-1	2.815137E-1	-1.707227E-1
5.353046E-1	2.847504E-1	-2.133314E-1
5.520329E-1	3.097916E-1	-2.275936E-1
5.687611E-1	3.528573E-1	-2.040854E-1
5.854894E-1	3.880305E-1	-1.870888E-1
6.022177E-1	4.316441E-1	-1.812068E-1
6.189459E-1	4.456926E-1	-1.897128E-1
6.356742E-1	4.612302E-1	-2.269440E-1
6.524025E-1	4.878764E-1	-2.549399E-1
6.691307E-1	5.496458E-1	-2.467119E-1
6.858590E-1	5.916695E-1	-2.422501E-1
7.025873E-1	6.180535E-1	-2.531259E-1
7.193155E-1	6.479415E-1	-2.504715E-1
7.360438E-1	7.145748E-1	-2.228882E-1
7.527721E-1	7.883677E-1	-2.386608E-1
7.695004E-1	8.326901E-1	-2.719631E-1
7.862286E-1	8.765409E-1	-2.828994E-1
8.029569E-1	8.934692E-1	-2.913252E-1
8.196852E-1	9.267557E-1	-2.832767E-1
8.364134E-1	9.515522E-1	-2.948839E-1
8.531417E-1	9.564759E-1	-2.988460E-1
8.698700E-1	9.569037E-1	-2.814384E-1
8.865982E-1	9.470395E-1	-2.526918E-1
9.033265E-1	9.453303E-1	-2.510351E-1
9.200548E-1	9.457482E-1	-2.784591E-1
9.367830E-1	9.553306E-1	-2.601875E-1
9.535113E-1	9.539130E-1	-2.475572E-1
9.702396E-1	9.602063E-1	-2.428856E-1
9.869678E-1	9.564314E-1	-2.262616E-1
1.003696E0	9.526523E-1	-2.221621E-1
1.020424E0	9.553444E-1	-2.610288E-1
1.037153E0	9.869617E-1	-3.252687E-1
1.053881E0	1.013824E0	-3.131408E-1
1.070609E0	1.043084E0	-2.728176E-1
1.087337E0	1.056989E0	-2.576098E-1
1.104066E0	1.064525E0	-2.612628E-1
1.120794E0	1.069913E0	-2.515526E-1
1.137522E0	1.067665E0	-2.512226E-1
1.154251E0	1.062690E0	-2.811271E-1
1.170979E0	1.070715E0	-2.996052E-1
1.187707E0	1.100784E0	-2.632463E-1
1.204435E0	1.128373E0	-2.293090E-1
1.221164E0	1.147483E0	-2.271236E-1
1.237892E0	1.154082E0	-2.248822E-1
1.254620E0	1.156496E0	-2.320679E-1
1.271348E0	1.174383E0	-2.640059E-1
1.288077E0	1.210326E0	-2.725340E-1
1.304805E0	1.252393E0	-2.658380E-1
1.321533E0	1.280893E0	-2.634622E-1
1.338261E0	1.304808E0	-2.572437E-1
1.354990E0	1.366048E0	-2.257260E-1
1.371718E0	1.453434E0	-2.271005E-1
1.388446E0	1.517762E0	-2.595876E-1
1.405175E0	1.571179E0	-2.595219E-1
1.421903E0	1.598827E0	-2.562680E-1
1.438631E0	1.620068E0	-2.527151E-1
1.455359E0	1.639352E0	-2.573164E-1
1.472088E0	1.642225E0	-2.574345E-1
1.488816E0	1.649702E0	-2.480183E-1
1.505544E0	1.643965E0	-2.129500E-1
1.522272E0	1.631072E0	-1.934766E-1
1.539001E0	1.633459E0	-2.225511E-1
1.555729E0	1.629217E0	-2.183975E-1
1.572457E0	1.630336E0	-1.982391E-1
1.589186E0	1.633858E0	-1.971964E-1
1.605914E0	1.626116E0	-1.927700E-1
1.622642E0	1.622115E0	-1.862117E-1
1.639370E0	1.624463E0	-1.961736E-1
1.656099E0	1.633426E0	-2.540863E-1
1.672827E0	1.663148E0	-2.796550E-1
1.689555E0	1.682269E0	-2.545748E-1
1.706283E0	1.693758E0	-2.174017E-1
1.723012E0	1.692258E0	-2.405232E-1
1.739740E0	1.698375E0	-2.276630E-1
1.756468E0	1.694111E0	-2.129041E-1
1.773196E0	1.690238E0	-2.358357E-1
1.789925E0	1.692356E0	-2.620766E-1
1.806653E0	1.707974E0	-2.520973E-1
1.823381E0	1.735158E0	-2.104655E-1
1.840110E0	1.749282E0	-1.983605E-1
1.856838E0	1.755462E0	-1.908551E-1
1.873566E0	1.750480E0	-1.879905E-1
1.890294E0	1.751960E0	-2.104993E-1
1.907023E0	1.776049E0	-2.319871E-1
1.923751E0	1.827008E0	-2.248135E-1
1.940479E0	1.861607E0	-2.207032E-1
1.957207E0	1.885810E0	-2.225067E-1
1.973936E0	1.913476E0	-2.106848E-1
1.990664E0	1.991914E0	-1.846107E-1
2.007392E0	2.058584E0	-1.915192E-1
2.024121E0	2.111662E0	-2.228985E-1
2.040849E0	2.163438E0	-2.153354E-1
2.057577E0	2.202176E0	-2.156509E-1
2.074305E0	2.239368E0	-2.186564E-1
2.091034E0	2.248558E0	-2.163061E-1
2.107762E0	2.252588E0	-2.164160E-1
2.124490E0	2.247562E0	-1.856930E-1
2.141218E0	2.228392E0	-1.547415E-1
2.157947E0	2.226612E0	-1.575862E-1
2.174675E0	2.223078E0	-1.756593E-1
2.191403E0	2.230527E0	-1.589360E-1
2.208131E0	2.232085E0	-1.488817E-1
2.224860E0	2.235607E0	-1.449306E-1
2.241588E0	2.226093E0	-1.343230E-1
2.258316E0	2.225907E0	-1.364860E-1
2.275045E0	2.231019E0	-1.630980E-1
2.291773E0	2.249417E0	-2.010039E-1
2.308501E0	2.274672E0	-1.799975E-1
2.325229E0	2.275993E0	-1.449510E-1
2.341958E0	2.270028E0	-1.659643E-1
2.358686E0	2.272347E0	-1.721145E-1
2.375414E0	2.274060E0	-1.493459E-1
2.392142E0	2.274508E0	-1.579345E-1
2.408871E0	2.269758E0	-1.917324E-1
2.425599E0	2.277793E0	-1.989669E-1
2.442327E0	2.296415E0	-1.516667E-1
2.459055E0	2.309051E0	-1.249884E-1
2.475784E0	2.313617E0	-1.172944E-1
2.492512E0	2.307495E0	-1.082440E-1
2.509240E0	2.308677E0	-1.139989E-1
2.525969E0	2.311850E0	-1.513461E-1
2.542697E0	2.356195E0	-1.641733E-1
2.559425E0	2.400080E0	-1.464708E-1
2.576153E0	2.425518E0	-1.514794E-1
2.592882E0	2.443914E0	-1.504237E-1
2.609610E0	2.480699E0	-1.307570E-1
2.626338E0	2.551359E0	-1.500599E-1
2.643066E0	2.599320E0	-1.761460E-1
2.659795E0	2.647636E0	-1.701865E-1
2.676523E0	2.691045E0	-1.713529E-1
2.693251E0	2.732897E0	-1.608530E-1
2.709980E0	2.773181E0	-1.591488E-1
2.726708E0	2.778833E0	-1.553539E-1
2.743436E0	2.777740E0	-1.424081E-1
2.760164E0	2.763378E0	-9.681146E-2
2.776893E0	2.745350E0	-8.084728E-2
2.793621E0	2.742365E0	-1.174506E-1
2.810349E0	2.742263E0	-1.085189E-1
2.827077E0	2.744179E0	-9.206468E-2
2.843806E0	2.746157E0	-8.817222E-2
2.860534E0	2.742042E0	-7.644386E-2
2.877262E0	2.734313E0	-7.058779E-2
2.893990E0	2.734053E0	-8.206579E-2
2.910719E0	2.759939E0	-1.383415E-1
2.927447E0	2.778203E0	-1.528992E-1
2.944175E0	2.799939E0	-1.272312E-1
2.960904E0	2.804922E0	-9.240129E-2
2.977632E0	2.804280E0	-1.112657E-1
2.994360E0	2.807289E0	-1.056074E-1
3.011088E0	2.811058E0	-9.859412E-2
3.027817E0	2.810740E0	-1.120935E-1
3.044545E0	2.813982E0	-1.349451E-1
3.061273E0	2.826839E0	-1.202194E-1
3.078001E0	2.849134E0	-7.119922E-2
3.094730E0	2.863817E0	-5.169278E-2
3.111458E0	2.875150E0	-4.592830E-2
3.128186E0	2.874951E0	-4.945030E-2
3.144914E0	2.877880E0	-7.246855E-2
3.161643E0	2.898713E0	-1.001088E-1
3.178371E0	2.950135E0	-8.742759E-2
3.195099E0	2.992429E0	-7.892924E-2
3.211828E0	3.034276E0	-7.528284E-2
3.228556E0	3.074380E0	-5.887008E-2
3.245284E0	3.137285E0	-3.347404E-2
3.262012E0	3.203116E0	-4.966623E-2
3.278741E0	3.248478E0	-7.266880E-2
3.295469E0	3.290204E0	-6.324194E-2
3.312197E0	3.320918E0	-5.920765E-2
3.328925E0	3.351661E0	-4.941950E-2
3.345654E0	3.368802E0	-5.234133E-2
3.362382E0	3.367497E0	-4.534414E-2
3.379110E0	3.361811E0	-2.050457E-2
3.395839E0	3.351268E0	5.885636E-3
3.412567E0	3.340427E0	-1.721430E-3
3.429295E0	3.337031E0	-1.176467E-2
3.446023E0	3.337196E0	-2.180571E-3
3.462752E0	3.342306E0	8.388715E-3
3.479480E0	3.345028E0	1.027193E-2
3.496208E0	3.339763E0	1.570654E-2
3.512936E0	3.339371E0	1.959149E-2
3.529665E0	3.342892E0	-7.957282E-3
3.546393E0	3.361328E0	-6.057235E-2
3.563121E0	3.389514E0	-4.128228E-2
3.579849E0	3.397869E0	9.035950E-3
3.596578E0	3.402538E0	-2.679405E-3
3.613306E0	3.398178E0	1.037610E-2
3.630034E0	3.391652E0	9.975780E-4
3.646763E0	3.388967E0	5.837626E-3
3.663491E0	3.381999E0	-1.789546E-2
3.680219E0	3.381047E0	-2.063666E-2
3.696947E0	3.389744E0	2.104890E-2
3.713676E0	3.406294E0	5.979416E-2
3.730404E0	3.418790E0	7.703559E-2
3.747132E0	3.424473E0	9.049391E-2
3.763860E0	3.425491E0	8.776678E-2
3.780589E0	3.426962E0	6.685242E-2
3.797317E0	3.461488E0	6.645622E-2
3.814045E0	3.507729E0	8.980825E-2
3.830774E0	3.545828E0	1.075654E-1
3.847502E0	3.585101E0	1.137463E-1
3.864230E0	3.633210E0	1.459632E-1
3.880958E0	3.714616E0	1.555982E-1
3.897687E0	3.787072E0	1.320714E-1
3.914415E0	3.831978E0	1.367464E-1
3.931143E0	3.864514E0	1.471998E-1
3.947871E0	3.888541E0	1.493174E-1
3.964600E0	3.917066E0	1.447920E-1
3.981328E0	3.918684E0	1.426785E-1
3.998056E0	3.909967E0	1.448067E-1
4.014784E0	3.905518E0	1.703198E-1
4.031513E0	3.896823E0	1.961908E-1
4.048241E0	3.891708E0	1.763944E-1
4.064969E0	3.886315E0	1.830564E-1
4.081698E0	3.885608E0	1.886138E-1
4.098426E0	3.893472E0	1.913253E-1
4.115154E0	3.887607E0	1.994310E-1
4.131882E0	3.886717E0	2.035414E-1
4.148611E0	3.886721E0	2.027903E-1
4.165339E0	3.902712E0	1.304891E-1
4.182067E0	3.934092E0	8.548453E-2
4.198795E0	3.957159E0	1.240437E-1
4.215524E0	3.964920E0	1.527019E-1
4.232252E0	3.967800E0	1.337771E-1
4.248980E0	3.964945E0	1.411119E-1
4.265708E0	3.964325E0	1.412621E-1
4.282437E0	3.962666E0	1.341137E-1
4.299165E0	3.956706E0	1.006291E-1
4.315893E0	3.964549E0	1.049969E-1
4.332622E0	3.992393E0	1.523858E-1
4.349350E0	4.006206E0	1.729190E-1
4.366078E0	4.009646E0	1.820943E-1
4.382806E0	3.998133E0	1.719806E-1
4.399535E0	3.993418E0	1.536620E-1
4.416263E0	4.009859E0	1.322847E-1
4.432991E0	4.052394E0	1.367741E-1
4.449719E0	4.098895E0	1.543402E-1
4.466448E0	4.140968E0	1.555825E-1
4.483176E0	4.178338E0	1.615792E-1
4.499904E0	4.230117E0	1.920870E-1
4.516633E0	4.303308E0	1.820635E-1
4.533361E0	4.349405E0	1.623532E-1
4.550089E0	4.384470E0	1.654907E-1
4.566817E0	4.415153E0	1.687447E-1
4.583546E0	4.449083E0	1.807255E-1
4.600274E0	4.483622E0	1.737861E-1
4.617002E0	4.486686E0	1.738725E-1
4.633730E0	4.473151E0	1.906142E-1
4.650459E0	4.456635E0	2.250141E-1
4.667187E0	4.445275E0	2.221498E-1
4.683915E0	4.442983E0	2.017030E-1
4.700643E0	4.440188E0	2.132010E-1
4.717372E0	4.439941E0	2.243086E-1
4.734100E0	4.436896E0	2.267447E-1
4.750828E0	4.430946E0	2.320089E-1
4.767557E0	4.432012E0	2.308017E-1
4.784285E0	4.438122E0	2.136330E-1
4.801013E0	4.452716E0	1.435598E-1
4.817741E0	4.477904E0	1.446239E-1
4.834470E0	4.482539E0	1.912743E-1
4.851198E0	4.484458E0	1.810467E-1
4.867926E0	4.476479E0	1.869892E-1
4.884654E0	4.476201E0	1.809075E-1
4.901383E0	4.473599E0	1.801713E-1
4.918111E0	4.471459E0	1.548875E-1
4.934839E0	4.471017E0	1.388531E-1
4.951568E0	4.480350E0	1.623686E-1
4.968296E0	4.505932E0	2.038841E-1
4.985024E0	4.511719E0	2.166948E-1
5.001752E0	4.510590E0	2.226289E-1
5.018481E0	4.511109E0	2.160490E-1
5.035209E0	4.515190E0	1.929984E-1
5.051937E0	4.542961E0	1.792133E-1
5.068665E0	4.591375E0	2.018185E-1
5.085394E0	4.634835E0	2.196921E-1
5.102122E0	4.663704E0	2.146181E-1
5.118850E0	4.704560E0	2.365783E-1
5.135578E0	4.768814E0	2.653430E-1
5.152307E0	4.841513E0	2.439458E-1
5.169035E0	4.886625E0	2.432253E-1
5.185763E0	4.925336E0	2.503057E-1
5.202492E0	4.947453E0	2.517902E-1
5.219220E0	4.988950E0	2.599789E-1
5.235948E0	5.002151E0	2.555605E-1
5.252676E0	4.996812E0	2.673439E-1
5.269405E0	4.985498E0	2.916042E-1
5.286133E0	4.968888E0	3.241085E-1
5.302861E0	4.969252E0	3.082919E-1
5.319589E0	4.972253E0	3.059286E-1
5.336318E0	4.972389E0	3.151484E-1
5.353046E0	4.976925E0	3.191503E-1
5.369774E0	4.972865E0	3.266330E-1
5.386502E0	4.972210E0	3.361947E-1
5.403231E0	4.971439E0	3.361754E-1
5.419959E0	4.981783E0	2.747126E-1
5.436687E0	5.017780E0	2.146379E-1
5.453416E0	5.041178E0	2.460873E-1
5.470144E0	5.049408E0	2.823157E-1
5.486872E0	5.052599E0	2.589235E-1
5.503600E0	5.051748E0	2.529501E-1
5.520329E0	5.052673E0	2.565444E-1
5.537057E0	5.045691E0	2.519402E-1
5.553785E0	5.028227E0	2.093622E-1
5.570513E0	5.036535E0	2.190693E-1
5.587242E0	5.057653E0	2.649718E-1
5.603970E0	5.112270E0	3.198084E-1
5.620698E0	5.120629E0	3.317903E-1
5.637427E0	5.142497E0	3.081405E-1
5.654155E0	5.168984E0	2.752971E-1
5.670883E0	5.214418E0	2.700425E-1
5.687611E0	5.256326E0	2.977842E-1
5.704340E0	5.276497E0	3.057261E-1
5.721068E0	5.295893E0	3.089646E-1
5.737796E0	5.338384E0	3.286219E-1
5.754524E0	5.416541E0	3.223888E-1
5.771253E0	5.494632E0	2.942788E-1
5.787981E0	5.546431E0	2.886007E-1
5.804709E0	5.584198E0	2.916793E-1
5.821437E0	5.624241E0	2.975305E-1
5.838166E0	5.657190E0	3.036683E-1
5.854894E0	5.659771E0	3.064281E-1
5.871622E0	5.653383E0	3.184436E-1
5.888351E0	5.628924E0	3.534580E-1
5.905079E0	5.620652E0	3.595869E-1
5.921807E0	5.620723E0	3.282857E-1
5.938535E0	5.625366E0	3.392134E-1
5.955264E0	5.626558E0	3.628558E-1
5.971992E0	5.627920E0	3.683096E-1
5.988720E0	5.619655E0	3.704654E-1
6.005448E0	5.619968E0	3.700878E-1
6.022177E0	5.625553E0	3.605594E-1
6.038905E0	5.659093E0	2.881190E-1
6.055633E0	5.687658E0	2.794533E-1
6.072362E0	5.706322E0	3.100145E-1
6.089090E0	5.712757E0	3.445274E-1
6.105818E0	5.713061E0	3.394135E-1
6.122546E0	5.712773E0	3.463641E-1
6.139275E0	5.710526E0	3.492149E-1
6.156003E0	5.709597E0	3.175228E-1
6.172731E0	5.707960E0	2.922162E-1
6.189459E0	5.726181E0	3.101337E-1
6.206188E0	5.769504E0	3.530878E-1
6.222916E0	5.806619E0	3.677868E-1
6.239644E0	5.835018E0	3.749437E-1
6.256372E0	5.849082E0	3.672489E-1
6.273101E0	5.873280E0	3.459542E-1
6.289829E0	5.913640E0	3.304142E-1
6.306557E0	5.963264E0	3.468607E-1
6.323286E0	6.002095E0	3.581334E-1
6.340014E0	6.043090E0	3.564788E-1
6.356742E0	6.088499E0	3.719924E-1
6.373470E0	6.157637E0	3.942653E-1
6.390199E0	6.234782E0	3.665159E-1
6.406927E0	6.288385E0	3.671530E-1
6.423655E0	6.326955E0	3.695329E-1
6.440383E0	6.357261E0	3.777350E-1
6.457112E0	6.398911E0	3.725881E-1
6.473840E0	6.423049E0	3.839624E-1
6.490568E0	6.421180E0	3.793766E-1
6.507296E0	6.406982E0	3.991002E-1
6.524025E0	6.389761E0	4.300677E-1
6.540753E0	6.377582E0	4.168896E-1
6.557481E0	6.375643E0	3.998545E-1
6.574210E0	6.380936E0	4.233037E-1
6.590938E0	6.376270E0	4.361728E-1
6.607666E0	6.377463E0	4.393757E-1
6.624394E0	6.372665E0	4.479783E-1
6.641123E0	6.372288E0	4.509619E-1
6.657851E0	6.384041E0	4.043542E-1
6.674579E0	6.407526E0	3.540135E-1
6.691307E0	6.426972E0	3.694270E-1
6.708036E0	6.437399E0	4.246200E-1
6.724764E0	6.442443E0	4.357371E-1
6.741492E0	6.444379E0	4.296925E-1
6.758221E0	6.444808E0	4.316052E-1
6.774949E0	6.443731E0	4.214799E-1
6.791677E0	6.442723E0	3.807117E-1
6.808405E0	6.448319E0	3.696423E-1
6.825134E0	6.482116E0	3.992220E-1
6.841862E0	6.522427E0	4.390630E-1
6.858590E0	6.538689E0	4.544918E-1
6.875318E0	6.558081E0	4.590836E-1
6.892047E0	6.571805E0	4.456107E-1
6.908775E0	6.590830E0	4.279168E-1
6.925503E0	6.629002E0	4.266045E-1
6.942231E0	6.661915E0	4.451402E-1
6.958960E0	6.670892E0	4.557961E-1
6.975688E0	6.697137E0	4.596339E-1
6.992416E0	6.755485E0	4.923628E-1
7.009145E0	6.852328E0	4.937591E-1
7.025873E0	6.924468E0	4.791569E-1
7.042601E0	6.973656E0	4.866897E-1
7.059329E0	7.006419E0	4.953456E-1
7.076058E0	7.036969E0	4.969199E-1
7.092786E0	7.070075E0	4.993020E-1
7.109514E0	7.073007E0	5.022555E-1
7.126242E0	7.070677E0	5.144486E-1
7.142971E0	7.063880E0	5.337833E-1
7.159699E0	7.042814E0	5.665257E-1
7.176427E0	7.041975E0	5.311080E-1
7.193155E0	7.046689E0	5.479749E-1
7.209884E0	7.044464E0	5.732639E-1
7.226612E0	7.050994E0	5.707814E-1
7.243340E0	7.047845E0	5.776089E-1
7.260069E0	7.040620E0	5.868015E-1
7.276797E0	7.044256E0	5.779173E-1
7.293525E0	7.064894E0	5.112174E-1
7.310253E0	7.095756E0	4.847655E-1
7.326982E0	7.110920E0	5.122712E-1
7.343710E0	7.116715E0	5.662704E-1
7.360438E0	7.141890E0	5.548848E-1
7.377166E0	7.144383E0	5.621995E-1
7.393895E0	7.141384E0	5.348098E-1
7.410623E0	7.136170E0	5.033781E-1
7.427351E0	7.156357E0	5.150702E-1
7.444080E0	7.201726E0	5.514343E-1
7.460808E0	7.237685E0	5.777724E-1
7.477536E0	7.263783E0	5.948546E-1
7.494264E0	7.285276E0	5.885189E-1
7.510993E0	7.313628E0	5.669187E-1
7.527721E0	7.346925E0	5.599791E-1
7.544449E0	7.391313E0	5.741236E-1
7.561177E0	7.412181E0	5.938640E-1
7.577906E0	7.423901E0	5.994541E-1
7.594634E0	7.453324E0	6.084698E-1
7.611362E0	7.535494E0	6.520720E-1
7.628090E0	7.646089E0	6.420471E-1
7.644819E0	7.719978E0	6.447859E-1
7.661547E0	7.780394E0	6.546566E-1
7.678275E0	7.810592E0	6.663720E-1
7.695004E0	7.844482E0	6.591016E-1
7.711732E0	7.854193E0	6.628147E-1
7.728460E0	7.848975E0	6.623835E-1
7.745188E0	7.837631E0	6.697123E-1
7.761917E0	7.831551E0	7.004234E-1
7.778645E0	7.821781E0	6.883449E-1
7.795373E0	7.817812E0	6.676548E-1
7.812101E0	7.820318E0	6.922715E-1
7.828830E0	7.823316E0	6.979644E-1
7.845558E0	7.825084E0	7.031369E-1
7.862286E0	7.818903E0	7.074611E-1
7.879015E0	7.821145E0	7.053930E-1
7.895743E0	7.825738E0	6.868633E-1
7.912471E0	7.864528E0	6.283726E-1
7.929199E0	7.887826E0	6.423023E-1
7.945928E0	7.895698E0	6.867772E-1
7.962656E0	7.901480E0	7.064930E-1
7.979384E0	7.910129E0	6.961108E-1
7.996112E0	7.911240E0	6.992328E-1
8.012841E0	7.915910E0	6.942240E-1
8.029569E0	7.910073E0	6.549350E-1
8.046297E0	7.912581E0	6.480621E-1
8.063025E0	7.941659E0	6.828848E-1
8.079754E0	7.967411E0	7.282605E-1
8.096482E0	7.988584E0	7.529701E-1
8.113210E0	8.000744E0	7.621131E-1
8.129939E0	8.021095E0	7.450227E-1
8.146667E0	8.042365E0	7.382869E-1
8.163395E0	8.074947E0	7.472987E-1
8.180123E0	8.117108E0	7.648364E-1
8.196852E0	8.138585E0	7.684136E-1
8.213580E0	8.159196E0	7.674160E-1
8.230308E0	8.197475E0	7.948149E-1
8.247036E0	8.246756E0	7.907535E-1
8.263765E0	8.287957E0	7.450142E-1
8.280493E0	8.316440E0	7.528068E-1
8.297221E0	8.328027E0	7.601267E-1
8.313949E0	8.338195E0	7.671275E-1
8.330678E0	8.380850E0	7.686476E-1
8.347406E0	8.432398E0	7.819729E-1
8.364134E0	8.461974E0	8.037565E-1
8.380863E0	8.466888E0	8.332892E-1
8.397591E0	8.468080E0	8.432937E-1
8.414319E0	8.457540E0	8.104280E-1
8.431047E0	8.457471E0	8.112134E-1
8.447776E0	8.458284E0	8.423167E-1
8.464504E0	8.459924E0	8.437141E-1
8.481232E0	8.455044E0	8.491481E-1
8.497960E0	8.452500E0	8.538774E-1
8.514689E0	8.452686E0	8.496697E-1
8.531417E0	8.480701E0	8.011711E-1
8.548145E0	8.507037E0	7.876109E-1
8.564874E0	8.529056E0	8.043629E-1
8.581602E0	8.526468E0	8.468081E-1
8.598330E0	8.526676E0	8.422181E-1
8.615058E0	8.521190E0	8.328157E-1
8.631787E0	8.516278E0	8.359594E-1
8.648515E0	8.514720E0	8.083038E-1
8.665243E0	8.513832E0	7.748231E-1
8.681971E0	8.523794E0	7.862789E-1
8.698700E0	8.552219E0	8.293990E-1
8.715428E0	8.568032E0	8.531823E-1
8.732156E0	8.575569E0	8.677869E-1
8.748884E0	8.580868E0	8.492623E-1
8.765613E0	8.580234E0	8.160687E-1
8.782341E0	8.613353E0	8.030838E-1
8.799069E0	8.650129E0	8.124426E-1
8.815798E0	8.686640E0	8.230852E-1
8.832526E0	8.709564E0	8.279351E-1
8.849254E0	8.736501E0	8.319407E-1
8.865982E0	8.777222E0	8.561721E-1
8.882711E0	8.821165E0	8.387717E-1
8.899439E0	8.854136E0	8.142558E-1
8.916167E0	8.873532E0	8.171981E-1
8.932895E0	8.875142E0	8.153926E-1
8.949624E0	8.906223E0	8.292553E-1
8.966352E0	8.949222E0	8.387154E-1
8.983080E0	8.959404E0	8.348469E-1
8.999809E0	8.953811E0	8.653945E-1
9.016537E0	8.926803E0	8.964958E-1
9.033265E0	8.916712E0	8.954951E-1
9.049993E0	8.913114E0	8.858768E-1
9.066722E0	8.913778E0	9.003687E-1
9.083450E0	8.913490E0	9.156122E-1
9.100178E0	8.917030E0	9.125753E-1
9.116906E0	8.911109E0	9.188902E-1
9.133635E0	8.910033E0	9.185479E-1
9.150363E0	8.920214E0	8.882266E-1
9.167091E0	8.958691E0	8.303451E-1
9.183819E0	8.991577E0	8.424789E-1
9.200548E0	8.999364E0	8.831586E-1
9.217276E0	9.000329E0	8.992984E-1
9.234004E0	8.999652E0	8.904700E-1
9.250733E0	9.000420E0	8.867742E-1
9.267461E0	9.000326E0	8.867352E-1
9.284189E0	8.995174E0	8.472568E-1
9.300917E0	8.996611E0	8.328041E-1
9.317646E0	9.007448E0	8.529919E-1
9.334374E0	9.036352E0	8.911023E-1
9.351102E0	9.043304E0	9.175857E-1
9.367830E0	9.043269E0	9.172528E-1
9.384559E0	9.046650E0	8.831381E-1
9.401287E0	9.050203E0	8.524294E-1
9.418015E0	9.082806E0	8.540838E-1
9.434743E0	9.124238E0	8.826529E-1
9.451472E0	9.169294E0	8.848388E-1
9.468200E0	9.209239E0	8.948429E-1
9.484928E0	9.254936E0	9.334485E-1
9.501657E0	9.316055E0	9.460542E-1
9.518385E0	9.367782E0	9.103021E-1
9.535113E0	9.391084E0	9.131822E-1
9.551841E0	9.409236E0	9.180365E-1
9.568570E0	9.417732E0	9.238998E-1
9.585298E0	9.458155E0	9.346109E-1
9.602026E0	9.475928E0	9.401585E-1
9.618754E0	9.479360E0	9.439257E-1
9.635483E0	9.472727E0	9.725460E-1
9.652211E0	9.453613E0	9.944776E-1
9.668939E0	9.447128E0	9.595927E-1
9.685668E0	9.442901E0	9.567905E-1
9.702396E0	9.439995E0	9.821850E-1
9.719124E0	9.445707E0	9.911949E-1
9.735852E0	9.441279E0	9.985554E-1
9.752581E0	9.434893E0	1.002965E0
9.769309E0	9.439933E0	9.949915E-1
9.786037E0	9.464853E0	9.386173E-1
9.802765E0	9.500641E0	9.122292E-1
9.819494E0	9.519202E0	9.347276E-1
9.836222E0	9.522151E0	9.811497E-1
9.852950E0	9.526350E0	9.783248E-1
9.869678E0	9.526663E0	9.621760E-1
9.886407E0	9.529467E0	9.717388E-1
9.903135E0	9.526512E0	9.509786E-1
9.919863E0	9.525787E0	9.207393E-1
9.936592E0	9.549535E0	9.246846E-1
9.953320E0	9.570900E0	9.768889E-1
9.970048E0	9.582361E0	1.003664E0
9.986776E0	9.595986E0	1.009489E0
1.000350E1	9.587637E0	1.006668E0
1.002023E1	9.592282E0	9.790541E-1
1.003696E1	9.610649E0	9.681407E-1
1.005369E1	9.632345E0	9.824549E-1
1.007042E1	9.665277E0	1.006860E0
1.008715E1	9.701141E0	1.018368E0
1.010387E1	9.734950E0	1.025005E0
1.012060E1	9.794546E0	1.055839E0
1.013733E1	9.875671E0	1.042996E0
1.015406E1	9.918254E0	1.042795E0
1.017079E1	9.938481E0	1.044310E0
1.018752E1	9.953788E0	1.049197E0
1.020424E1	9.985344E0	1.055477E0
1.022097E1	1.002678E1	1.059183E0
1.023770E1	1.004177E1	1.053947E0
1.025443E1	1.002835E1	1.062444E0
1.027116E1	1.001205E1	1.077327E0
1.028789E1	9.997928E0	1.101551E0
1.030461E1	9.994538E0	1.076437E0
1.032134E1	9.998754E0	1.093275E0
1.033807E1	9.998860E0	1.114199E0
1.035480E1	1.000068E1	1.111457E0
1.037153E1	9.998494E0	1.114071E0
1.038825E1	9.994950E0	1.123404E0
1.040498E1	1.000576E1	1.102814E0
1.042171E1	1.004811E1	1.040195E0
1.043844E1	1.008030E1	1.040691E0
1.045517E1	1.008954E1	1.078452E0
1.047190E1	1.008925E1	1.112875E0
1.048862E1	1.009362E1	1.096358E0
1.050535E1	1.009197E1	1.086589E0
1.052208E1	1.009258E1	1.083351E0
1.053881E1	1.009043E1	1.037482E0
1.055554E1	1.009437E1	1.010905E0
1.057227E1	1.012129E1	1.039903E0
1.058899E1	1.014358E1	1.082411E0
1.060572E1	1.016255E1	1.099802E0
1.062245E1	1.016547E1	1.110496E0
1.063918E1	1.017426E1	1.100387E0
1.065591E1	1.018027E1	1.072341E0
1.067264E1	1.021155E1	1.074013E0
1.068936E1	1.022835E1	1.095703E0
1.070609E1	1.023813E1	1.113273E0
1.072282E1	1.025365E1	1.110176E0
1.073955E1	1.030275E1	1.137665E0
1.075628E1	1.038966E1	1.160099E0
1.077300E1	1.048138E1	1.141699E0
1.078973E1	1.054182E1	1.148143E0
1.080646E1	1.058059E1	1.151069E0
1.082319E1	1.059798E1	1.149228E0
1.083992E1	1.063097E1	1.151200E0
1.085665E1	1.063826E1	1.150694E0
1.087337E1	1.063393E1	1.153236E0
1.089010E1	1.062956E1	1.159623E0
1.090683E1	1.061422E1	1.199158E0
1.092356E1	1.061326E1	1.164769E0
1.094029E1	1.061120E1	1.150709E0
1.095702E1	1.060927E1	1.173818E0
1.097374E1	1.061006E1	1.186136E0
1.099047E1	1.061298E1	1.186410E0
1.100720E1	1.060814E1	1.198524E0
1.102393E1	1.060549E1	1.196134E0
1.104066E1	1.063171E1	1.144397E0
1.105739E1	1.066664E1	1.109534E0
1.107411E1	1.068236E1	1.126584E0
1.109084E1	1.066981E1	1.183724E0
1.110757E1	1.067133E1	1.186619E0
1.112430E1	1.067160E1	1.174438E0
1.114103E1	1.067542E1	1.182541E0
1.115776E1	1.067174E1	1.169498E0
1.117448E1	1.067175E1	1.127917E0
1.119121E1	1.068077E1	1.122657E0
1.120794E1	1.070953E1	1.163825E0
1.122467E1	1.072245E1	1.190142E0
1.124140E1	1.072846E1	1.212841E0
1.125812E1	1.073337E1	1.211491E0
1.127485E1	1.075335E1	1.201818E0
1.129158E1	1.076161E1	1.189802E0
1.130831E1	1.079300E1	1.205291E0
1.132504E1	1.079850E1	1.223926E0
1.134177E1	1.080529E1	1.224030E0
1.135849E1	1.082857E1	1.234642E0
1.137522E1	1.088717E1	1.268794E0
1.139195E1	1.099236E1	1.266091E0
1.140868E1	1.108037E1	1.261843E0
1.142541E1	1.114148E1	1.282210E0
1.144214E1	1.117408E1	1.292290E0
1.145886E1	1.121109E1	1.295724E0
1.147559E1	1.123611E1	1.295786E0
1.149232E1	1.123930E1	1.292062E0
1.150905E1	1.122497E1	1.298804E0
1.152578E1	1.120909E1	1.331527E0
1.154251E1	1.119670E1	1.338182E0
1.155923E1	1.119775E1	1.301284E0
1.157596E1	1.121140E1	1.309658E0
1.159269E1	1.120510E1	1.335050E0
1.160942E1	1.120002E1	1.338070E0
1.162615E1	1.119521E1	1.339648E0
1.164287E1	1.119543E1	1.350520E0
1.165960E1	1.121266E1	1.324775E0
1.167633E1	1.126271E1	1.218452E0
1.169306E1	1.129693E1	1.211760E0
1.170979E1	1.130498E1	1.247922E0
1.172652E1	1.130721E1	1.243180E0
1.174324E1	1.130711E1	1.242099E0
1.175997E1	1.131364E1	1.244766E0
1.177670E1	1.131307E1	1.246302E0
1.179343E1	1.131075E1	1.203959E0
1.181016E1	1.132338E1	1.170081E0
1.182689E1	1.137057E1	1.182192E0
1.184361E1	1.144645E1	1.208527E0
1.186034E1	1.153552E1	1.209816E0
1.187707E1	1.159001E1	1.203248E0
1.189380E1	1.162904E1	1.169666E0
1.191053E1	1.164332E1	1.128680E0
1.192726E1	1.167433E1	1.129103E0
1.194398E1	1.171166E1	1.162895E0
1.196071E1	1.175319E1	1.164630E0
1.197744E1	1.179948E1	1.180213E0
1.199417E1	1.184361E1	1.214699E0
1.201090E1	1.205712E1	1.231546E0
1.202763E1	1.206448E1	1.233098E0
1.204435E1	1.209449E1	1.237566E0
1.206108E1	1.212880E1	1.232722E0
1.207781E1	1.213096E1	1.245368E0
1.209454E1	1.210568E1	1.253877E0
1.211127E1	1.208994E1	1.295709E0
1.212799E1	1.209111E1	1.277743E0
1.214472E1	1.208083E1	1.250566E0
1.216145E1	1.207537E1	1.273051E0
1.217818E1	1.207295E1	1.290251E0
1.219491E1	1.207592E1	1.287220E0
1.221164E1	1.206773E1	1.299543E0
1.222836E1	1.207311E1	1.290734E0
1.224509E1	1.209519E1	1.241283E0
1.226182E1	1.212502E1	1.189488E0
1.227855E1	1.213661E1	1.204508E0
1.229528E1	1.212424E1	1.251802E0
1.231201E1	1.211670E1	1.258138E0
1.232873E1	1.212413E1	1.240533E0
1.234546E1	1.212069E1	1.240721E0
1.236219E1	1.211514E1	1.245190E0
1.237892E1	1.211295E1	1.211667E0
1.239565E1	1.212048E1	1.208290E0
1.241238E1	1.215628E1	1.240313E0
1.242910E1	1.217887E1	1.275188E0
1.244583E1	1.219446E1	1.289369E0
1.246256E1	1.220332E1	1.287582E0
1.247929E1	1.222392E1	1.271936E0
1.249602E1	1.223783E1	1.268644E0
1.251274E1	1.226822E1	1.280884E0
1.252947E1	1.227791E1	1.298840E0
1.254620E1	1.228845E1	1.293019E0
1.256293E1	1.230621E1	1.299700E0
1.257966E1	1.236888E1	1.336776E0
1.259639E1	1.247165E1	1.349464E0
1.261311E1	1.255310E1	1.328029E0
1.262984E1	1.260132E1	1.336457E0
1.264657E1	1.262677E1	1.338060E0
1.266330E1	1.264256E1	1.342473E0
1.268003E1	1.268284E1	1.347732E0
1.269676E1	1.268737E1	1.347155E0
1.271348E1	1.268352E1	1.352459E0
1.273021E1	1.267325E1	1.358071E0
1.274694E1	1.265238E1	1.379293E0
1.276367E1	1.265017E1	1.347110E0
1.278040E1	1.264660E1	1.345386E0
1.279713E1	1.264089E1	1.374027E0
1.281385E1	1.263695E1	1.387191E0
1.283058E1	1.263800E1	1.388712E0
1.284731E1	1.263737E1	1.398631E0
1.286404E1	1.265053E1	1.366293E0
1.288077E1	1.270104E1	1.288520E0
1.289750E1	1.273538E1	1.270518E0
1.291422E1	1.275099E1	1.315826E0
1.293095E1	1.279754E1	1.304448E0
1.294768E1	1.282773E1	1.312485E0
1.296441E1	1.286958E1	1.278045E0
1.298114E1	1.292332E1	1.252198E0
1.299786E1	1.295675E1	1.249487E0
1.301459E1	1.298126E1	1.233903E0
1.303132E1	1.302036E1	1.233305E0
1.304805E1	1.306034E1	1.252521E0
1.306478E1	1.308440E1	1.277733E0
1.308151E1	1.309816E1	1.291399E0
1.309823E1	1.310379E1	1.279667E0
1.311496E1	1.312633E1	1.260041E0
1.313169E1	1.314660E1	1.265830E0
1.314842E1	1.317987E1	1.288291E0
1.316515E1	1.319500E1	1.292847E0
1.318188E1	1.320914E1	1.297797E0
1.319860E1	1.326194E1	1.330748E0
1.321533E1	1.335434E1	1.370147E0
1.323206E1	1.346050E1	1.377351E0
1.324879E1	1.353430E1	1.379349E0
1.326552E1	1.359460E1	1.390613E0
1.328225E1	1.362156E1	1.402264E0
1.329897E1	1.365138E1	1.400795E0
1.331570E1	1.366285E1	1.405223E0
1.333243E1	1.366856E1	1.404398E0
1.334916E1	1.365754E1	1.413365E0
1.336589E1	1.362918E1	1.441496E0
1.338261E1	1.362070E1	1.446556E0
1.339934E1	1.362179E1	1.415530E0
1.341607E1	1.361973E1	1.423095E0
1.343280E1	1.360697E1	1.447319E0
1.344953E1	1.360830E1	1.442057E0
1.346626E1	1.360743E1	1.450207E0
1.348298E1	1.360465E1	1.460344E0
1.349971E1	1.364109E1	1.402259E0
1.351644E1	1.369347E1	1.315883E0
1.353317E1	1.376653E1	1.309662E0
1.354990E1	1.378611E1	1.353627E0
1.356663E1	1.380114E1	1.337290E0
1.358335E1	1.380628E1	1.320025E0
1.360008E1	1.381286E1	1.316808E0
1.361681E1	1.379980E1	1.316156E0
1.363354E1	1.379622E1	1.305284E0
1.365027E1	1.381625E1	1.302938E0
1.366700E1	1.384407E1	1.337653E0
1.368372E1	1.387692E1	1.371046E0
1.370045E1	1.390645E1	1.391800E0
1.371718E1	1.392952E1	1.387366E0
1.373391E1	1.394769E1	1.371893E0
1.375064E1	1.397487E1	1.369284E0
1.376737E1	1.400727E1	1.375827E0
1.378409E1	1.404351E1	1.409704E0
1.380082E1	1.407011E1	1.413962E0
1.381755E1	1.410142E1	1.424089E0
1.383428E1	1.415150E1	1.457643E0
1.385101E1	1.423552E1	1.462416E0
1.386773E1	1.430216E1	1.444364E0
1.388446E1	1.435824E1	1.459059E0
1.390119E1	1.438411E1	1.474662E0
1.391792E1	1.439709E1	1.483101E0
1.393465E1	1.443032E1	1.481071E0
1.395138E1	1.443948E1	1.484805E0
1.396810E1	1.443625E1	1.488993E0
1.398483E1	1.441954E1	1.502031E0
1.400156E1	1.439625E1	1.540164E0
1.401829E1	1.438550E1	1.507027E0
1.403502E1	1.437519E1	1.508455E0
1.405175E1	1.437403E1	1.539852E0
1.406847E1	1.437609E1	1.541156E0
1.408520E1	1.437498E1	1.540506E0
1.410193E1	1.436619E1	1.545947E0
1.411866E1	1.437942E1	1.533424E0
1.413539E1	1.441654E1	1.461746E0
1.415212E1	1.443828E1	1.448387E0
1.416884E1	1.445073E1	1.469738E0
1.418557E1	1.444273E1	1.519972E0
1.420230E1	1.443873E1	1.504456E0
1.421903E1	1.444302E1	1.489276E0
1.423576E1	1.443855E1	1.502444E0
1.425248E1	1.443188E1	1.477194E0
1.426921E1	1.443737E1	1.473230E0
1.428594E1	1.445745E1	1.485295E0
1.430267E1	1.449939E1	1.516503E0
1.431940E1	1.453494E1	1.536873E0
1.433613E1	1.456300E1	1.551284E0
1.435285E1	1.458285E1	1.527025E0
1.436958E1	1.459966E1	1.493886E0
1.438631E1	1.462178E1	1.492011E0
1.440304E1	1.464801E1	1.514119E0
1.441977E1	1.465398E1	1.530111E0
1.443650E1	1.467429E1	1.543410E0
1.445322E1	1.471731E1	1.581072E0
1.446995E1	1.480229E1	1.603048E0
1.448668E1	1.489904E1	1.607381E0
1.450341E1	1.497366E1	1.622894E0
1.452014E1	1.501111E1	1.633941E0
1.453687E1	1.502899E1	1.635911E0
1.455359E1	1.507336E1	1.644299E0
1.457032E1	1.508603E1	1.651802E0
1.458705E1	1.508871E1	1.653054E0
1.460378E1	1.508054E1	1.650749E0
1.462051E1	1.506491E1	1.675522E0
1.463724E1	1.506339E1	1.675403E0
1.465396E1	1.507422E1	1.633363E0
1.467069E1	1.507564E1	1.647048E0
1.468742E1	1.506812E1	1.682244E0
1.470415E1	1.507098E1	1.680998E0
1.472088E1	1.506429E1	1.693259E0
1.473760E1	1.506433E1	1.699520E0
1.475433E1	1.510497E1	1.629785E0
1.477106E1	1.514710E1	1.567129E0
1.478779E1	1.516439E1	1.581553E0
1.480452E1	1.516234E1	1.627720E0
1.482125E1	1.517555E1	1.621653E0
1.483797E1	1.518183E1	1.608922E0
1.485470E1	1.518554E1	1.617686E0
1.487143E1	1.517092E1	1.627914E0
1.488816E1	1.517161E1	1.610754E0
1.490489E1	1.519403E1	1.617541E0
1.492162E1	1.521824E1	1.652899E0
1.493834E1	1.524886E1	1.692522E0
1.495507E1	1.528233E1	1.711223E0
1.497180E1	1.531544E1	1.717388E0
1.498853E1	1.535811E1	1.708399E0
1.500526E1	1.537722E1	1.714590E0
1.502199E1	1.541668E1	1.721652E0
1.503871E1	1.544162E1	1.753885E0
1.505544E1	1.546556E1	1.757963E0
1.507217E1	1.550328E1	1.792873E0
1.508890E1	1.556989E1	1.836930E0
1.510563E1	1.567530E1	1.849315E0
1.512235E1	1.575902E1	1.861472E0
1.513908E1	1.581779E1	1.886274E0
1.515581E1	1.584812E1	1.894829E0
1.517254E1	1.587504E1	1.899359E0
1.518927E1	1.589155E1	1.904604E0
1.520600E1	1.589617E1	1.902439E0
1.522272E1	1.589314E1	1.905792E0
1.523945E1	1.588489E1	1.926125E0
1.525618E1	1.587373E1	1.922957E0
1.527291E1	1.587957E1	1.891437E0
1.528964E1	1.587194E1	1.905964E0
1.530637E1	1.586486E1	1.929588E0
1.532309E1	1.586746E1	1.926983E0
1.533982E1	1.586797E1	1.931249E0
1.535655E1	1.586144E1	1.950103E0
1.537328E1	1.592123E1	1.832350E0
1.539001E1	1.593339E1	1.833012E0
1.540674E1	1.593307E1	1.872277E0
1.542346E1	1.592488E1	1.908214E0
1.544019E1	1.592756E1	1.896234E0
1.545692E1	1.593102E1	1.878753E0
1.547365E1	1.592698E1	1.879387E0
1.549038E1	1.592828E1	1.869611E0
1.550710E1	1.593794E1	1.856073E0
1.552383E1	1.597005E1	1.881676E0
1.554056E1	1.601255E1	1.923157E0
1.555729E1	1.605279E1	1.950001E0
1.557402E1	1.609722E1	1.954975E0
1.559075E1	1.614318E1	1.945048E0
1.560747E1	1.617449E1	1.940145E0
1.562420E1	1.619992E1	1.948015E0
1.564093E1	1.621973E1	1.974556E0
1.565766E1	1.622046E1	1.986364E0
1.567439E1	1.624271E1	1.998378E0
1.569112E1	1.628766E1	2.034834E0
1.570784E1	1.637690E1	2.053022E0
1.572457E1	1.645620E1	2.054326E0
1.574130E1	1.650235E1	2.071579E0
1.575803E1	1.652365E1	2.078875E0
1.577476E1	1.653046E1	2.089971E0
1.579149E1	1.656234E1	2.098072E0
1.580821E1	1.657908E1	2.107994E0
1.582494E1	1.658149E1	2.107498E0
1.584167E1	1.657437E1	2.122736E0
1.585840E1	1.655237E1	2.148181E0
1.587513E1	1.655669E1	2.122132E0
1.589186E1	1.654548E1	2.114282E0
1.590858E1	1.654005E1	2.140044E0
1.592531E1	1.653427E1	2.148591E0
1.594204E1	1.653673E1	2.143228E0
1.595877E1	1.652985E1	2.169304E0
1.597550E1	1.653842E1	2.146081E0
1.599222E1	1.658177E1	2.071280E0
1.600895E1	1.661384E1	2.061690E0
1.602568E1	1.662099E1	2.084434E0
1.604241E1	1.661744E1	2.125908E0
1.605914E1	1.661621E1	2.116335E0
1.607587E1	1.662189E1	2.087680E0
1.609259E1	1.661460E1	2.097564E0
1.610932E1	1.661354E1	2.083797E0
1.612605E1	1.662115E1	2.063850E0
1.614278E1	1.663899E1	2.071935E0
1.615951E1	1.667420E1	2.098532E0
1.617624E1	1.670633E1	2.125059E0
1.619296E1	1.673616E1	2.122637E0
1.620969E1	1.675161E1	2.104415E0
1.622642E1	1.677051E1	2.079864E0
1.624315E1	1.678709E1	2.071000E0
1.625988E1	1.681574E1	2.081531E0
1.627661E1	1.683031E1	2.104381E0
1.629333E1	1.685335E1	2.115195E0
1.631006E1	1.690076E1	2.164215E0
1.632679E1	1.698556E1	2.191116E0
1.634352E1	1.706376E1	2.190970E0
1.636025E1	1.711912E1	2.214589E0
1.637697E1	1.714926E1	2.228665E0
1.639370E1	1.715903E1	2.233848E0
1.641043E1	1.718276E1	2.238987E0
1.642716E1	1.720304E1	2.248260E0
1.644389E1	1.721145E1	2.249327E0
1.646062E1	1.719980E1	2.257382E0
1.647734E1	1.716838E1	2.281388E0
1.649407E1	1.716386E1	2.271995E0
1.651080E1	1.714576E1	2.260159E0
1.652753E1	1.713714E1	2.284206E0
1.654426E1	1.712851E1	2.285497E0
1.656099E1	1.712592E1	2.279005E0
1.657771E1	1.712116E1	2.295038E0
1.659444E1	1.712152E1	2.296567E0
1.661117E1	1.714848E1	2.241921E0
1.662790E1	1.718453E1	2.196447E0
1.664463E1	1.720497E1	2.205080E0
1.666136E1	1.718850E1	2.244172E0
1.667808E1	1.718332E1	2.260366E0
1.669481E1	1.718871E1	2.214177E0
1.671154E1	1.718623E1	2.200094E0
1.672827E1	1.718072E1	2.199302E0
1.674500E1	1.719158E1	2.184165E0
1.676173E1	1.720466E1	2.187453E0
1.677845E1	1.722882E1	2.208125E0
1.679518E1	1.725380E1	2.245821E0
1.681191E1	1.727479E1	2.258263E0
1.682864E1	1.729558E1	2.247610E0
1.684537E1	1.731249E1	2.213950E0
1.686209E1	1.732129E1	2.207899E0
1.687882E1	1.734079E1	2.213318E0
1.689555E1	1.735415E1	2.233575E0
1.691228E1	1.737773E1	2.236731E0
1.692901E1	1.741701E1	2.269567E0
1.694574E1	1.748291E1	2.323124E0
1.696246E1	1.758109E1	2.343712E0
1.697919E1	1.765194E1	2.338165E0
1.699592E1	1.770727E1	2.360063E0
1.701265E1	1.771931E1	2.358985E0
1.702938E1	1.772675E1	2.366487E0
1.704611E1	1.775459E1	2.364781E0
1.706283E1	1.775729E1	2.360119E0
1.707956E1	1.774709E1	2.363002E0
1.709629E1	1.773093E1	2.377191E0
1.711302E1	1.771215E1	2.404138E0
1.712975E1	1.771366E1	2.364033E0
1.714648E1	1.770820E1	2.361917E0
1.716320E1	1.769899E1	2.391383E0
1.717993E1	1.769560E1	2.394037E0
1.719666E1	1.768837E1	2.401530E0
1.721339E1	1.768299E1	2.418959E0
1.723012E1	1.770576E1	2.366995E0
1.724684E1	1.775040E1	2.290736E0
1.726357E1	1.777480E1	2.295601E0
1.728030E1	1.777094E1	2.350589E0
1.729703E1	1.777145E1	2.358380E0
1.731376E1	1.777105E1	2.344876E0
1.733049E1	1.777289E1	2.335821E0
1.734721E1	1.776761E1	2.354195E0
1.736394E1	1.775494E1	2.327947E0
1.738067E1	1.777354E1	2.307723E0
1.739740E1	1.778661E1	2.327186E0
1.741413E1	1.781053E1	2.359465E0
1.743086E1	1.782646E1	2.379061E0
1.744758E1	1.783826E1	2.373644E0
1.746431E1	1.785061E1	2.345073E0
1.748104E1	1.786717E1	2.320744E0
1.749777E1	1.789705E1	2.322290E0
1.751450E1	1.793783E1	2.350542E0
1.753123E1	1.797096E1	2.373906E0
1.754795E1	1.800085E1	2.390834E0
1.756468E1	1.804162E1	2.443356E0
1.758141E1	1.812810E1	2.456257E0
1.759814E1	1.822080E1	2.467360E0
1.761487E1	1.831221E1	2.490105E0
1.763160E1	1.836133E1	2.492697E0
1.764832E1	1.837875E1	2.488134E0
1.766505E1	1.840118E1	2.489900E0
1.768178E1	1.841275E1	2.485338E0
1.769851E1	1.840271E1	2.486748E0
1.771524E1	1.838218E1	2.491868E0
1.773196E1	1.835621E1	2.539344E0
1.774869E1	1.835619E1	2.506931E0
1.776542E1	1.835256E1	2.484827E0
1.778215E1	1.833658E1	2.510237E0
1.779888E1	1.833532E1	2.524910E0
1.781561E1	1.833296E1	2.515732E0
1.783233E1	1.832959E1	2.528227E0
1.784906E1	1.833379E1	2.516836E0
1.786579E1	1.838502E1	2.420788E0
1.788252E1	1.841836E1	2.387062E0
1.789925E1	1.841725E1	2.421143E0
1.791598E1	1.841139E1	2.425405E0
1.793270E1	1.840788E1	2.402043E0
1.794943E1	1.841587E1	2.380562E0
1.796616E1	1.839964E1	2.383311E0
1.798289E1	1.838420E1	2.369041E0
1.799962E1	1.839054E1	2.344472E0
1.801635E1	1.841701E1	2.358860E0
1.803307E1	1.843486E1	2.381180E0
1.804980E1	1.844282E1	2.411425E0
1.806653E1	1.844365E1	2.410242E0
1.808326E1	1.845034E1	2.383040E0
1.809999E1	1.846000E1	2.354039E0
1.811671E1	1.846915E1	2.340240E0
1.813344E1	1.849625E1	2.350246E0
1.815017E1	1.851607E1	2.377023E0
1.816690E1	1.854190E1	2.386314E0
1.818363E1	1.857843E1	2.414691E0
1.820036E1	1.863598E1	2.450710E0
1.821708E1	1.872935E1	2.459375E0
1.823381E1	1.879151E1	2.452819E0
1.825054E1	1.884325E1	2.464582E0
1.826727E1	1.885894E1	2.465793E0
1.828400E1	1.888587E1	2.466337E0
1.830073E1	1.890344E1	2.470048E0
1.831745E1	1.890936E1	2.464098E0
1.833418E1	1.889277E1	2.464005E0
1.835091E1	1.886709E1	2.490156E0
1.836764E1	1.885910E1	2.492966E0
1.838437E1	1.885740E1	2.465001E0
1.840110E1	1.884778E1	2.482992E0
1.841782E1	1.884207E1	2.490411E0
1.843455E1	1.884614E1	2.484570E0
1.845128E1	1.883876E1	2.500702E0
1.846801E1	1.883648E1	2.509040E0
1.848474E1	1.886997E1	2.454244E0
1.850147E1	1.890393E1	2.396844E0
1.851819E1	1.891246E1	2.415912E0
1.853492E1	1.889130E1	2.465231E0
1.855165E1	1.890112E1	2.455559E0
1.856838E1	1.889839E1	2.442273E0
1.858511E1	1.889362E1	2.443926E0
1.860183E1	1.888179E1	2.450291E0
1.861856E1	1.888148E1	2.427763E0
1.863529E1	1.889373E1	2.414940E0
1.865202E1	1.890967E1	2.440282E0
1.866875E1	1.892679E1	2.458607E0
1.868548E1	1.892976E1	2.463033E0
1.870220E1	1.892450E1	2.453961E0
1.871893E1	1.892983E1	2.413635E0
1.873566E1	1.892346E1	2.393876E0
1.875239E1	1.892905E1	2.386119E0
1.876912E1	1.895871E1	2.412400E0
1.878585E1	1.897589E1	2.422973E0
1.880257E1	1.901251E1	2.434756E0
1.881930E1	1.905243E1	2.474665E0
1.883603E1	1.914989E1	2.481643E0
1.885276E1	1.922923E1	2.482429E0
1.886949E1	1.930069E1	2.491759E0
1.888622E1	1.934474E1	2.497388E0
1.890294E1	1.935166E1	2.501130E0
1.891967E1	1.938124E1	2.506095E0
1.893640E1	1.938994E1	2.502034E0
1.895313E1	1.938357E1	2.506194E0
1.896986E1	1.935691E1	2.512490E0
1.898658E1	1.933797E1	2.550897E0
1.900331E1	1.934181E1	2.508304E0
1.902004E1	1.934217E1	2.498917E0
1.903677E1	1.932101E1	2.512025E0
1.905350E1	1.931954E1	2.539737E0
1.907023E1	1.931681E1	2.536277E0
1.908695E1	1.930957E1	2.548405E0
1.910368E1	1.932378E1	2.519068E0
1.912041E1	1.936863E1	2.444394E0
1.913714E1	1.939193E1	2.426329E0
1.915387E1	1.938474E1	2.466516E0
1.917060E1	1.938167E1	2.493481E0
1.918732E1	1.938431E1	2.481084E0
1.920405E1	1.938712E1	2.460832E0
1.922078E1	1.937865E1	2.468394E0
1.923751E1	1.936305E1	2.446048E0
1.925424E1	1.938352E1	2.423955E0
1.927097E1	1.940479E1	2.437658E0
1.928769E1	1.942364E1	2.468862E0
1.930442E1	1.944185E1	2.502659E0
1.932115E1	1.946216E1	2.501636E0
1.933788E1	1.947093E1	2.469828E0
1.935461E1	1.948574E1	2.448599E0
1.937134E1	1.951523E1	2.436945E0
1.938806E1	1.954879E1	2.460476E0
1.940479E1	1.957451E1	2.487924E0
1.942152E1	1.961654E1	2.503474E0
1.943825E1	1.966167E1	2.566913E0
1.945498E1	1.974016E1	2.593437E0
1.947170E1	1.982341E1	2.611193E0
1.948843E1	1.988644E1	2.625903E0
1.950516E1	1.992736E1	2.652864E0
1.952189E1	1.993537E1	2.654849E0
1.953862E1	1.996891E1	2.674169E0
1.955535E1	1.999674E1	2.677527E0
1.957207E1	2.000140E1	2.671907E0
1.958880E1	1.997411E1	2.683036E0
1.960553E1	1.995897E1	2.685559E0
1.962226E1	1.995771E1	2.673833E0
1.963899E1	1.996682E1	2.656018E0
1.965572E1	1.996830E1	2.666371E0
1.967244E1	1.994962E1	2.696360E0
1.968917E1	1.995738E1	2.687571E0
1.970590E1	1.994775E1	2.700345E0
1.972263E1	1.994848E1	2.702603E0
1.973936E1	1.999871E1	2.610513E0
1.975609E1	2.004398E1	2.562263E0
1.977281E1	2.004621E1	2.584331E0
1.978954E1	2.003353E1	2.614209E0
1.980627E1	2.003235E1	2.595026E0
1.982300E1	2.003899E1	2.580077E0
1.983973E1	2.002838E1	2.587706E0
1.985645E1	2.000906E1	2.583377E0
1.987318E1	2.001190E1	2.572265E0
1.988991E1	2.003165E1	2.569380E0
1.990664E1	2.005577E1	2.606074E0
1.992337E1	2.007373E1	2.649955E0
1.994010E1	2.008442E1	2.654239E0
1.995682E1	2.010360E1	2.639409E0
1.997355E1	2.012817E1	2.606934E0
1.999028E1	2.013786E1	2.608950E0
2.000701E1	2.015865E1	2.607466E0
2.002374E1	2.015957E1	2.619814E0
2.004047E1	2.017736E1	2.646456E0
2.005719E1	2.020466E1	2.660483E0
2.007392E1	2.027581E1	2.698132E0
2.009065E1	2.035875E1	2.716335E0
2.010738E1	2.042590E1	2.739644E0
2.012411E1	2.045562E1	2.751195E0
2.014084E1	2.045862E1	2.752446E0
2.015756E1	2.046943E1	2.766332E0
2.017429E1	2.049904E1	2.780162E0
2.019102E1	2.052322E1	2.784760E0
2.020775E1	2.051685E1	2.786238E0
2.022448E1	2.049257E1	2.804027E0
2.024121E1	2.048236E1	2.782839E0
2.025793E1	2.047800E1	2.755899E0
2.027466E1	2.047711E1	2.769792E0
2.029139E1	2.047207E1	2.796358E0
2.030812E1	2.047077E1	2.785912E0
2.032485E1	2.047326E1	2.790163E0
2.034157E1	2.045111E1	2.809578E0
2.035830E1	2.047716E1	2.764952E0
2.037503E1	2.052483E1	2.673973E0
2.039176E1	2.053807E1	2.665517E0
2.040849E1	2.051825E1	2.676866E0
2.042522E1	2.051656E1	2.711097E0
2.044194E1	2.051031E1	2.715815E0
2.045867E1	2.051444E1	2.686119E0
2.047540E1	2.050998E1	2.680316E0
2.049213E1	2.051228E1	2.670368E0
2.050886E1	2.052546E1	2.649043E0
2.052559E1	2.055255E1	2.672679E0
2.054231E1	2.056248E1	2.704093E0
2.055904E1	2.059361E1	2.722422E0
2.057577E1	2.060943E1	2.717310E0
2.059250E1	2.063733E1	2.696320E0
2.060923E1	2.064433E1	2.666714E0
2.062596E1	2.066016E1	2.666723E0
2.064268E1	2.066605E1	2.678686E0
2.065941E1	2.068121E1	2.708835E0
2.067614E1	2.070180E1	2.717140E0
2.069287E1	2.075035E1	2.751530E0
2.070960E1	2.082440E1	2.760281E0
2.072632E1	2.089657E1	2.754817E0
2.074305E1	2.093437E1	2.764120E0
2.075978E1	2.093694E1	2.760612E0
2.077651E1	2.094623E1	2.759852E0
2.079324E1	2.098204E1	2.770674E0
2.080997E1	2.102019E1	2.789464E0
2.082669E1	2.102069E1	2.784522E0
2.084342E1	2.101968E1	2.792989E0
2.086015E1	2.101572E1	2.797867E0
2.087688E1	2.102697E1	2.773602E0
2.089361E1	2.103410E1	2.745215E0
2.091034E1	2.103097E1	2.741525E0
2.092706E1	2.101234E1	2.785454E0
2.094379E1	2.100009E1	2.801080E0
2.096052E1	2.100228E1	2.800676E0
2.097725E1	2.101169E1	2.802724E0
2.099398E1	2.106252E1	2.715119E0
2.101071E1	2.110790E1	2.673395E0
2.102743E1	2.111073E1	2.708589E0
2.104416E1	2.109800E1	2.744359E0
2.106089E1	2.109447E1	2.735413E0
2.107762E1	2.109567E1	2.723133E0
2.109435E1	2.108698E1	2.714713E0
2.111107E1	2.107965E1	2.707367E0
2.112780E1	2.108389E1	2.697282E0
2.114453E1	2.110210E1	2.709782E0
2.116126E1	2.111923E1	2.742547E0
2.117799E1	2.114456E1	2.777467E0
2.119472E1	2.116892E1	2.791917E0
2.121144E1	2.120396E1	2.774379E0
2.122817E1	2.122477E1	2.739924E0
2.124490E1	2.123823E1	2.729067E0
2.126163E1	2.125033E1	2.736854E0
2.127836E1	2.125344E1	2.752835E0
2.129509E1	2.126782E1	2.767079E0
2.131181E1	2.131218E1	2.798542E0
2.132854E1	2.139097E1	2.821226E0
2.134527E1	2.147812E1	2.835617E0
2.136200E1	2.153376E1	2.843220E0
2.137873E1	2.156282E1	2.857030E0
2.139546E1	2.156450E1	2.862231E0
2.141218E1	2.159539E1	2.876793E0
2.142891E1	2.161478E1	2.885794E0
2.144564E1	2.161018E1	2.886532E0
2.146237E1	2.160020E1	2.886332E0
2.147910E1	2.157482E1	2.887981E0
2.149583E1	2.156784E1	2.896876E0
2.151255E1	2.156472E1	2.880007E0
2.152928E1	2.156426E1	2.867705E0
2.154601E1	2.156115E1	2.894212E0
2.156274E1	2.155821E1	2.941289E0
2.157947E1	2.154433E1	2.945406E0
2.159619E1	2.154263E1	2.944305E0
2.161292E1	2.157399E1	2.880713E0
2.162965E1	2.161520E1	2.813788E0
2.164638E1	2.162250E1	2.824510E0
2.166311E1	2.161944E1	2.862081E0
2.167984E1	2.160205E1	2.887309E0
2.169656E1	2.159000E1	2.901920E0
2.171329E1	2.158152E1	2.905458E0
2.173002E1	2.158265E1	2.887371E0
2.174675E1	2.158539E1	2.859734E0
2.176348E1	2.160007E1	2.843236E0
2.178021E1	2.161957E1	2.849071E0
2.179693E1	2.164661E1	2.865412E0
2.181366E1	2.167424E1	2.885151E0
2.183039E1	2.170470E1	2.878609E0
2.184712E1	2.172884E1	2.842972E0
2.186385E1	2.175250E1	2.835914E0
2.188058E1	2.178955E1	2.841320E0
2.189730E1	2.181260E1	2.875077E0
2.191403E1	2.185880E1	2.900655E0
2.193076E1	2.191731E1	2.939791E0
2.194749E1	2.198068E1	2.980349E0
2.196422E1	2.206716E1	2.978300E0
2.198094E1	2.212576E1	2.988631E0
2.199767E1	2.215000E1	2.992629E0
2.201440E1	2.215002E1	2.990557E0
2.203113E1	2.216113E1	2.991281E0
2.204786E1	2.219464E1	3.006260E0
2.206459E1	2.223118E1	3.021091E0
2.208131E1	2.223034E1	3.014055E0
2.209804E1	2.220891E1	3.017350E0
2.211477E1	2.220767E1	3.014893E0
2.213150E1	2.222943E1	2.994839E0
2.214823E1	2.224213E1	2.962999E0
2.216496E1	2.223766E1	2.964016E0
2.218168E1	2.220853E1	3.009543E0
2.219841E1	2.219295E1	3.035665E0
2.221514E1	2.219278E1	3.031475E0
2.223187E1	2.221469E1	3.021784E0
2.224860E1	2.225891E1	2.959213E0
2.226533E1	2.226810E1	2.947225E0
2.228205E1	2.226058E1	2.981699E0
2.229878E1	2.224046E1	3.024134E0
2.231551E1	2.223006E1	3.036597E0
2.233224E1	2.223936E1	3.011408E0
2.234897E1	2.223177E1	3.009615E0
2.236570E1	2.222031E1	2.986352E0
2.238242E1	2.223499E1	2.981846E0
2.239915E1	2.224983E1	3.005627E0
2.241588E1	2.226960E1	3.048902E0
2.243261E1	2.227833E1	3.082665E0
2.244934E1	2.229025E1	3.091205E0
2.246606E1	2.230857E1	3.053708E0
2.248279E1	2.231418E1	3.027874E0
2.249952E1	2.231367E1	2.998411E0
2.251625E1	2.232170E1	2.988528E0
