	masse A		
t	x	y	
0.000000E0	-3.552714E-15	-7.782563E-3
1.667920E-2	-1.228838E-3	-1.100273E-2
3.335841E-2	2.007062E-3	-1.458169E-2
5.003761E-2	2.244234E-3	-1.291792E-2
6.671681E-2	-5.435958E-4	-7.518451E-3
8.339602E-2	-3.718585E-3	-4.346596E-2
1.000752E-1	-4.585703E-3	-5.300002E-2
1.167544E-1	-5.296130E-3	-4.497469E-2
1.334336E-1	-3.749790E-3	-4.770697E-2
1.501128E-1	-2.321693E-2	-7.005581E-2
1.667920E-1	-4.327781E-2	-1.180874E-1
1.834712E-1	-5.015880E-2	-1.588669E-1
2.001504E-1	-5.469943E-2	-1.677732E-1
2.168296E-1	-6.127019E-2	-1.731644E-1
2.335088E-1	-7.480026E-2	-1.859500E-1
2.501881E-1	-1.024218E-1	-2.084471E-1
2.668673E-1	-1.255727E-1	-2.467952E-1
2.835465E-1	-1.431948E-1	-3.032837E-1
3.002257E-1	-1.276770E-1	-3.558902E-1
3.169049E-1	-1.100544E-1	-3.852798E-1
3.335841E-1	-9.797647E-2	-3.906487E-1
3.502633E-1	-9.055215E-2	-4.067983E-1
3.669425E-1	-5.694448E-2	-4.139703E-1
3.836217E-1	-2.058013E-2	-4.554517E-1
4.003009E-1	-8.659027E-3	-5.017034E-1
4.169801E-1	2.612132E-4	-5.252387E-1
4.336593E-1	-2.602465E-3	-5.666887E-1
4.503385E-1	2.111708E-2	-6.078491E-1
4.670177E-1	5.230693E-2	-6.476252E-1
4.836969E-1	7.301195E-2	-6.866889E-1
5.003761E-1	7.432286E-2	-6.908226E-1
5.170553E-1	5.843529E-2	-6.895831E-1
5.337345E-1	4.958543E-2	-6.977010E-1
5.504137E-1	3.715779E-2	-7.006177E-1
5.670929E-1	3.707661E-2	-6.802012E-1
5.837721E-1	3.904947E-2	-6.724918E-1
6.004513E-1	4.169298E-2	-6.705464E-1
6.171305E-1	3.638447E-2	-6.710787E-1
6.338097E-1	3.609659E-2	-6.745543E-1
6.504889E-1	3.636423E-2	-6.729760E-1
6.671681E-1	4.616928E-2	-6.708290E-1
6.838473E-1	5.990794E-2	-7.092093E-1
7.005265E-1	7.408494E-2	-7.157428E-1
7.172057E-1	7.934372E-2	-6.711679E-1
7.338850E-1	8.123765E-2	-6.797080E-1
7.505642E-1	8.291945E-2	-6.741673E-1
7.672434E-1	7.845564E-2	-6.757968E-1
7.839226E-1	6.587192E-2	-7.103510E-1
8.006018E-1	6.867918E-2	-7.171183E-1
8.172810E-1	7.831880E-2	-6.827007E-1
8.339602E-1	1.008280E-1	-6.387551E-1
8.506394E-1	1.039227E-1	-6.090451E-1
8.673186E-1	9.544055E-2	-6.093231E-1
8.839978E-1	7.983085E-2	-6.454671E-1
9.006770E-1	7.278531E-2	-6.697573E-1
9.173562E-1	1.058529E-1	-6.804738E-1
9.340354E-1	1.388885E-1	-6.664665E-1
9.507146E-1	1.687358E-1	-6.587416E-1
9.673938E-1	1.814462E-1	-6.597001E-1
9.840730E-1	2.129808E-1	-6.425742E-1
1.000752E0	2.508460E-1	-6.601726E-1
1.017431E0	2.590548E-1	-6.981439E-1
1.034111E0	2.645492E-1	-6.927827E-1
1.050790E0	2.665949E-1	-6.979720E-1
1.067469E0	2.986734E-1	-7.026367E-1
1.084148E0	3.555974E-1	-7.108600E-1
1.100827E0	3.999393E-1	-7.324835E-1
1.117507E0	4.193907E-1	-7.159480E-1
1.134186E0	4.067700E-1	-6.890970E-1
1.150865E0	3.841646E-1	-7.003171E-1
1.167544E0	3.742898E-1	-7.054950E-1
1.184223E0	3.711788E-1	-6.938819E-1
1.200903E0	3.758105E-1	-6.820560E-1
1.217582E0	3.751890E-1	-6.785261E-1
1.234261E0	3.728840E-1	-6.731598E-1
1.250940E0	3.696272E-1	-6.740119E-1
1.267619E0	3.703502E-1	-6.843373E-1
1.284299E0	3.752422E-1	-7.487240E-1
1.300978E0	3.917089E-1	-7.570625E-1
1.317657E0	3.972571E-1	-7.298356E-1
1.334336E0	3.963339E-1	-6.881576E-1
1.351015E0	3.899248E-1	-7.088138E-1
1.367695E0	3.883987E-1	-7.138469E-1
1.384374E0	3.903067E-1	-6.945674E-1
1.401053E0	3.828707E-1	-7.106642E-1
1.417732E0	3.773187E-1	-7.213735E-1
1.434411E0	3.779028E-1	-6.834692E-1
1.451091E0	3.836078E-1	-6.305036E-1
1.467770E0	3.879369E-1	-6.022001E-1
1.484449E0	3.853930E-1	-5.885962E-1
1.501128E0	3.620643E-1	-6.057948E-1
1.517808E0	3.412617E-1	-6.302070E-1
1.534487E0	3.574172E-1	-6.351784E-1
1.551166E0	3.949302E-1	-6.122125E-1
1.567845E0	4.072093E-1	-5.984976E-1
1.584524E0	4.142519E-1	-5.919169E-1
1.601204E0	4.341104E-1	-5.656636E-1
1.617883E0	4.899532E-1	-5.774503E-1
1.634562E0	5.418961E-1	-6.015707E-1
1.651241E0	5.707833E-1	-5.934026E-1
1.667920E0	5.832678E-1	-5.865454E-1
1.684600E0	5.990410E-1	-5.892826E-1
1.701279E0	6.427866E-1	-5.799960E-1
1.717958E0	6.691028E-1	-5.875226E-1
1.734637E0	6.782594E-1	-5.842161E-1
1.751316E0	6.687539E-1	-5.495885E-1
1.767996E0	6.513298E-1	-5.262051E-1
1.784675E0	6.444273E-1	-5.511322E-1
1.801354E0	6.420661E-1	-5.414510E-1
1.818033E0	6.472458E-1	-5.180800E-1
1.834712E0	6.480754E-1	-5.100225E-1
1.851392E0	6.479277E-1	-5.103827E-1
1.868071E0	6.429989E-1	-5.117159E-1
1.884750E0	6.432820E-1	-5.147075E-1
1.901429E0	6.533484E-1	-5.270710E-1
1.918108E0	6.786744E-1	-5.368516E-1
1.934788E0	6.911501E-1	-5.627371E-1
1.951467E0	6.957706E-1	-5.513140E-1
1.968146E0	6.950988E-1	-5.136840E-1
1.984825E0	6.988564E-1	-5.191111E-1
2.001504E0	7.071929E-1	-5.168777E-1
2.018184E0	7.038969E-1	-5.134360E-1
2.034863E0	6.985185E-1	-5.382879E-1
2.051542E0	7.072750E-1	-5.231579E-1
2.068221E0	7.350974E-1	-4.775776E-1
2.084900E0	7.587318E-1	-4.393747E-1
2.101580E0	7.799042E-1	-4.046011E-1
2.118259E0	7.822164E-1	-3.885834E-1
2.134938E0	7.771891E-1	-4.000400E-1
2.151617E0	7.847440E-1	-4.008173E-1
2.168296E0	8.189976E-1	-3.937993E-1
2.184976E0	8.386338E-1	-3.723858E-1
2.201655E0	8.560673E-1	-3.679878E-1
2.218334E0	8.747705E-1	-3.599463E-1
2.235013E0	9.314375E-1	-3.531518E-1
2.251692E0	1.006182E0	-3.842485E-1
2.268372E0	1.048307E0	-3.694961E-1
2.285051E0	1.065998E0	-3.599375E-1
2.301730E0	1.072939E0	-3.562110E-1
2.318409E0	1.111174E0	-3.443665E-1
2.335088E0	1.160805E0	-3.354245E-1
2.351768E0	1.183034E0	-3.449608E-1
2.368447E0	1.196944E0	-3.274002E-1
2.385126E0	1.193939E0	-2.996470E-1
2.401805E0	1.186002E0	-3.181147E-1
2.418484E0	1.178164E0	-3.313200E-1
2.435164E0	1.189959E0	-3.092079E-1
2.451843E0	1.195861E0	-2.804300E-1
2.468522E0	1.196736E0	-2.764541E-1
2.485201E0	1.188311E0	-2.774538E-1
2.501881E0	1.189030E0	-2.791358E-1
2.518560E0	1.191923E0	-2.950131E-1
2.535239E0	1.217035E0	-3.349519E-1
2.551918E0	1.238964E0	-3.484475E-1
2.568597E0	1.251553E0	-3.417798E-1
2.585277E0	1.259075E0	-3.007362E-1
2.601956E0	1.260725E0	-2.948850E-1
2.618635E0	1.279428E0	-2.930436E-1
2.635314E0	1.298437E0	-2.788372E-1
2.651993E0	1.303019E0	-3.021560E-1
2.668673E0	1.317809E0	-3.014804E-1
2.685352E0	1.360245E0	-2.674999E-1
2.702031E0	1.416291E0	-2.241310E-1
2.718710E0	1.457163E0	-1.981209E-1
2.735389E0	1.485270E0	-1.800874E-1
2.752069E0	1.498104E0	-1.844794E-1
2.768748E0	1.521373E0	-1.862352E-1
2.785427E0	1.566414E0	-1.812997E-1
2.802106E0	1.611913E0	-1.521716E-1
2.818785E0	1.638090E0	-1.259715E-1
2.835465E0	1.655129E0	-1.134599E-1
2.852144E0	1.694724E0	-6.842187E-2
2.868823E0	1.766235E0	-5.888455E-2
2.885502E0	1.804568E0	-6.439635E-2
2.902181E0	1.830960E0	-4.164798E-2
2.918861E0	1.844844E0	-3.217886E-2
2.935540E0	1.874104E0	-8.486267E-3
2.952219E0	1.903895E0	4.335121E-3
2.968898E0	1.915981E0	3.327285E-3
2.985577E0	1.916099E0	1.772069E-2
3.002257E0	1.899013E0	4.566758E-2
3.018936E0	1.884730E0	4.214046E-2
3.035615E0	1.883301E0	1.506226E-2
3.052294E0	1.885980E0	3.524488E-2
3.068973E0	1.887668E0	5.156392E-2
3.085653E0	1.886695E0	5.956362E-2
3.102332E0	1.885499E0	6.467175E-2
3.119011E0	1.882754E0	7.212589E-2
3.135690E0	1.881033E0	6.279675E-2
3.152369E0	1.885086E0	4.081663E-2
3.169049E0	1.917646E0	2.182634E-2
3.185728E0	1.926705E0	2.905355E-3
3.202407E0	1.928607E0	3.220570E-2
3.219086E0	1.925520E0	6.267213E-2
3.235765E0	1.927001E0	5.184669E-2
3.252445E0	1.926249E0	6.516349E-2
3.269124E0	1.924179E0	5.246006E-2
3.285803E0	1.924357E0	2.813525E-2
3.302482E0	1.926488E0	3.989532E-2
3.319161E0	1.960681E0	8.321066E-2
3.335841E0	1.979075E0	1.038667E-1
3.352520E0	1.994187E0	1.167563E-1
3.369199E0	1.998477E0	1.094525E-1
3.385878E0	1.995821E0	7.768431E-2
3.402557E0	2.018683E0	6.892479E-2
3.419237E0	2.044661E0	7.054087E-2
3.435916E0	2.052363E0	7.848477E-2
3.452595E0	2.059337E0	7.884158E-2
3.469274E0	2.076903E0	8.497127E-2
3.485954E0	2.125116E0	9.223985E-2
3.502633E0	2.172679E0	6.237669E-2
3.519312E0	2.197242E0	6.786515E-2
3.535991E0	2.206505E0	7.381944E-2
3.552670E0	2.229719E0	7.285310E-2
3.569350E0	2.279766E0	7.650084E-2
3.586029E0	2.335468E0	8.915844E-2
3.602708E0	2.356480E0	8.708353E-2
3.619387E0	2.352978E0	1.135552E-1
3.636066E0	2.338789E0	1.341332E-1
3.652746E0	2.337249E0	8.849955E-2
3.669425E0	2.341719E0	8.892839E-2
3.686104E0	2.350381E0	1.077862E-1
3.702783E0	2.352645E0	1.373085E-1
3.719462E0	2.356501E0	1.469062E-1
3.736142E0	2.351475E0	1.471845E-1
3.752821E0	2.346113E0	1.446221E-1
3.769500E0	2.351505E0	1.123639E-1
3.786179E0	2.383441E0	5.257617E-2
3.802858E0	2.409190E0	3.838441E-2
3.819538E0	2.435797E0	6.710423E-2
3.836217E0	2.464610E0	1.121715E-1
3.852896E0	2.489504E0	1.120218E-1
3.869575E0	2.519045E0	1.084344E-1
3.886254E0	2.543999E0	1.101363E-1
3.902934E0	2.554746E0	8.586947E-2
3.919613E0	2.589569E0	9.797875E-2
3.936292E0	2.662841E0	1.146408E-1
3.952971E0	2.744086E0	1.468366E-1
3.969650E0	2.815713E0	1.731194E-1
3.986330E0	2.865277E0	1.948795E-1
4.003009E0	2.902176E0	1.958184E-1
4.019688E0	2.933464E0	1.934725E-1
4.036367E0	2.974734E0	1.894693E-1
4.053046E0	3.010519E0	2.009711E-1
4.069726E0	3.017854E0	2.176096E-1
4.086405E0	3.045620E0	2.029471E-1
4.103084E0	3.092772E0	2.146562E-1
4.119763E0	3.166226E0	1.982450E-1
4.136442E0	3.209945E0	1.685738E-1
4.153122E0	3.231643E0	1.609676E-1
4.169801E0	3.240904E0	1.342144E-1
4.186480E0	3.263976E0	1.061590E-1
4.203159E0	3.305710E0	8.432550E-2
4.219838E0	3.324758E0	5.146587E-2
4.236518E0	3.332810E0	3.421019E-2
4.253197E0	3.312030E0	3.920790E-2
4.269876E0	3.290835E0	1.662930E-2
4.286555E0	3.273412E0	-3.063506E-3
4.303234E0	3.263664E0	5.625020E-3
4.319914E0	3.260028E0	1.878446E-2
4.336593E0	3.260920E0	2.661805E-2
4.353272E0	3.255418E0	2.823588E-2
4.369951E0	3.255861E0	2.898311E-2
4.386631E0	3.256268E0	2.185352E-2
4.403310E0	3.260939E0	-2.754143E-2
4.419989E0	3.261636E0	-3.595323E-2
4.436668E0	3.253919E0	-1.506370E-2
4.453347E0	3.251803E0	-1.172678E-2
4.470027E0	3.246935E0	-2.907666E-2
4.486706E0	3.249602E0	-3.239815E-2
4.503385E0	3.248651E0	-2.661942E-2
4.520064E0	3.226224E0	-4.996122E-2
4.536743E0	3.215779E0	-7.888186E-2
4.553423E0	3.201705E0	-8.118314E-2
4.570102E0	3.196701E0	-5.997617E-2
4.586781E0	3.189133E0	-4.991124E-2
4.603460E0	3.173345E0	-4.641824E-2
4.620139E0	3.151517E0	-5.562076E-2
4.636819E0	3.117547E0	-9.034858E-2
4.653498E0	3.116913E0	-1.187317E-1
4.670177E0	3.138818E0	-1.203917E-1
4.686856E0	3.148854E0	-9.496782E-2
4.703535E0	3.162166E0	-8.933816E-2
4.720215E0	3.180439E0	-8.340580E-2
4.736894E0	3.229334E0	-7.725943E-2
4.753573E0	3.268769E0	-1.144894E-1
4.770252E0	3.280927E0	-1.262899E-1
4.786931E0	3.283266E0	-1.285054E-1
4.803611E0	3.281610E0	-1.366698E-1
4.820290E0	3.311328E0	-1.526270E-1
4.836969E0	3.350168E0	-1.617098E-1
4.853648E0	3.368774E0	-1.669414E-1
4.870327E0	3.356139E0	-1.394415E-1
4.887007E0	3.336898E0	-1.204796E-1
4.903686E0	3.318944E0	-1.380146E-1
4.920365E0	3.310976E0	-1.345263E-1
4.937044E0	3.309431E0	-1.217865E-1
4.953723E0	3.315011E0	-1.140963E-1
4.970403E0	3.312365E0	-1.038594E-1
4.987082E0	3.307140E0	-1.062127E-1
5.003761E0	3.304574E0	-1.052428E-1
5.020440E0	3.312119E0	-1.381650E-1
5.037119E0	3.331851E0	-1.851547E-1
5.053799E0	3.336801E0	-1.804631E-1
5.070478E0	3.330508E0	-1.372897E-1
5.087157E0	3.323350E0	-1.441380E-1
5.103836E0	3.301924E0	-1.444273E-1
5.120515E0	3.296939E0	-1.378509E-1
5.137195E0	3.296754E0	-1.507625E-1
5.153874E0	3.284873E0	-1.823252E-1
5.170553E0	3.277019E0	-1.898275E-1
5.187232E0	3.291921E0	-1.671738E-1
5.203911E0	3.308828E0	-1.260535E-1
5.220591E0	3.314995E0	-9.614572E-2
5.237270E0	3.314789E0	-8.499809E-2
5.253949E0	3.310638E0	-9.087273E-2
5.270628E0	3.296427E0	-8.023061E-2
5.287307E0	3.316371E0	-6.800169E-2
5.303987E0	3.344264E0	-4.024628E-2
5.320666E0	3.384665E0	-1.003291E-2
5.337345E0	3.428562E0	2.996047E-2
5.354024E0	3.500119E0	8.577328E-2
5.370704E0	3.583230E0	1.084784E-1
5.387383E0	3.628057E0	1.308937E-1
5.404062E0	3.642068E0	1.595877E-1
5.420741E0	3.642477E0	1.802066E-1
5.437420E0	3.650390E0	1.952046E-1
5.454100E0	3.688946E0	2.080538E-1
5.470779E0	3.710969E0	2.125994E-1
5.487458E0	3.722418E0	2.000800E-1
5.504137E0	3.720540E0	2.155567E-1
5.520816E0	3.709518E0	2.160640E-1
5.537496E0	3.698094E0	2.029627E-1
5.554175E0	3.693750E0	2.138511E-1
5.570854E0	3.697977E0	2.262892E-1
5.587533E0	3.702883E0	2.351247E-1
5.604212E0	3.700359E0	2.322377E-1
5.620892E0	3.701153E0	2.279281E-1
5.637571E0	3.702090E0	2.271303E-1
5.654250E0	3.723821E0	1.627450E-1
5.670929E0	3.737296E0	1.425658E-1
5.687608E0	3.742316E0	1.570884E-1
5.704288E0	3.748741E0	1.814976E-1
5.720967E0	3.737370E0	1.670170E-1
5.737646E0	3.733242E0	1.464498E-1
5.754325E0	3.724700E0	1.636123E-1
5.771004E0	3.712348E0	1.563422E-1
5.787684E0	3.714770E0	1.438875E-1
5.804363E0	3.716769E0	1.553233E-1
5.821042E0	3.740983E0	1.843864E-1
5.837721E0	3.756448E0	2.068081E-1
5.854400E0	3.772098E0	2.225994E-1
5.871080E0	3.769103E0	2.197349E-1
5.887759E0	3.762747E0	2.049097E-1
5.904438E0	3.770595E0	2.062583E-1
5.921117E0	3.798593E0	2.115134E-1
5.937796E0	3.836775E0	2.353990E-1
5.954476E0	3.884726E0	2.648518E-1
5.971155E0	3.943103E0	3.105068E-1
5.987834E0	4.024991E0	3.437117E-1
6.004513E0	4.081963E0	3.379669E-1
6.021192E0	4.109273E0	3.645924E-1
6.037872E0	4.114890E0	3.755004E-1
6.054551E0	4.112612E0	3.777362E-1
6.071230E0	4.140771E0	3.773395E-1
6.087909E0	4.179654E0	3.836629E-1
6.104588E0	4.192900E0	3.623765E-1
6.121268E0	4.197334E0	3.506614E-1
6.137947E0	4.189836E0	3.527886E-1
6.154626E0	4.196022E0	3.193134E-1
6.171305E0	4.193863E0	3.092795E-1
6.187984E0	4.195008E0	3.279032E-1
6.204664E0	4.193151E0	3.310418E-1
6.221343E0	4.194111E0	3.328687E-1
6.238022E0	4.193920E0	3.350827E-1
6.254701E0	4.194277E0	3.325827E-1
6.271380E0	4.200632E0	2.926931E-1
6.288060E0	4.230729E0	2.468878E-1
6.304739E0	4.241766E0	2.433347E-1
6.321418E0	4.252603E0	2.796117E-1
6.338097E0	4.249921E0	2.779670E-1
6.354777E0	4.240408E0	2.554973E-1
6.371456E0	4.235419E0	2.496422E-1
6.388135E0	4.226675E0	2.494286E-1
6.404814E0	4.222477E0	2.381121E-1
6.421493E0	4.231191E0	2.349072E-1
6.438173E0	4.260027E0	2.528327E-1
6.454852E0	4.291758E0	2.847938E-1
6.471531E0	4.321611E0	2.994191E-1
6.488210E0	4.332696E0	3.202841E-1
6.504889E0	4.332717E0	3.014556E-1
6.521569E0	4.325134E0	2.890769E-1
6.538248E0	4.328267E0	2.752543E-1
6.554927E0	4.344108E0	2.790949E-1
6.571606E0	4.367548E0	3.061585E-1
6.588285E0	4.412202E0	3.241596E-1
6.604965E0	4.481569E0	3.613993E-1
6.621644E0	4.562576E0	3.687609E-1
6.638323E0	4.608292E0	3.693397E-1
6.655002E0	4.619485E0	3.818074E-1
6.671681E0	4.618740E0	3.899437E-1
6.688361E0	4.630021E0	3.979667E-1
6.705040E0	4.665921E0	4.059731E-1
6.721719E0	4.685662E0	4.010561E-1
6.738398E0	4.694162E0	3.789174E-1
6.755077E0	4.691421E0	3.845146E-1
6.771757E0	4.689484E0	3.894223E-1
6.788436E0	4.685333E0	3.695399E-1
6.805115E0	4.688499E0	3.703193E-1
6.821794E0	4.687645E0	3.827092E-1
6.838473E0	4.683342E0	3.880449E-1
6.855153E0	4.682123E0	3.868781E-1
6.871832E0	4.681262E0	3.886318E-1
6.888511E0	4.690280E0	3.756604E-1
6.905190E0	4.728757E0	3.055971E-1
6.921869E0	4.761022E0	2.829704E-1
6.938549E0	4.775935E0	2.994925E-1
6.955228E0	4.795257E0	3.313297E-1
6.971907E0	4.804882E0	3.258975E-1
6.988586E0	4.808426E0	3.124134E-1
7.005265E0	4.810074E0	3.212748E-1
7.021945E0	4.801467E0	3.277992E-1
7.038624E0	4.808776E0	3.282510E-1
7.055303E0	4.840357E0	3.411210E-1
7.071982E0	4.880943E0	3.683488E-1
7.088661E0	4.924515E0	4.018940E-1
7.105341E0	4.963864E0	4.291626E-1
7.122020E0	5.001359E0	4.200522E-1
7.138699E0	5.012350E0	4.135310E-1
7.155378E0	5.036671E0	4.051914E-1
7.172057E0	5.060324E0	4.002926E-1
7.188737E0	5.073811E0	4.208527E-1
7.205416E0	5.108017E0	4.477177E-1
7.222095E0	5.173901E0	4.758619E-1
7.238774E0	5.259287E0	4.903724E-1
7.255453E0	5.329004E0	4.777747E-1
7.272133E0	5.360311E0	4.948932E-1
7.288812E0	5.356603E0	5.013744E-1
7.305491E0	5.347571E0	5.054089E-1
7.322170E0	5.371347E0	5.080461E-1
7.338850E0	5.412211E0	5.103935E-1
7.355529E0	5.434431E0	4.878462E-1
7.372208E0	5.441871E0	4.624127E-1
7.388887E0	5.436989E0	4.680829E-1
7.405566E0	5.438816E0	4.405886E-1
7.422246E0	5.439489E0	4.144838E-1
7.438925E0	5.435847E0	4.178470E-1
7.455604E0	5.427783E0	4.532181E-1
7.472283E0	5.417889E0	4.793742E-1
7.488962E0	5.425220E0	4.791742E-1
7.505642E0	5.425294E0	4.911132E-1
7.522321E0	5.459213E0	4.305271E-1
7.539000E0	5.496042E0	3.616888E-1
7.555679E0	5.516603E0	3.640495E-1
7.572358E0	5.514841E0	4.092718E-1
7.589038E0	5.515750E0	4.168476E-1
7.605717E0	5.507423E0	4.036176E-1
7.622396E0	5.502774E0	3.909059E-1
7.639075E0	5.499398E0	3.890788E-1
7.655754E0	5.493714E0	3.839295E-1
7.672434E0	5.506950E0	3.733916E-1
7.689113E0	5.539799E0	3.831201E-1
7.705792E0	5.572352E0	4.131776E-1
7.722471E0	5.606714E0	4.368183E-1
7.739150E0	5.623674E0	4.415914E-1
7.755830E0	5.622856E0	4.211471E-1
7.772509E0	5.615349E0	4.174806E-1
7.789188E0	5.617476E0	4.081954E-1
7.805867E0	5.626285E0	4.142927E-1
7.822546E0	5.653104E0	4.437386E-1
7.839226E0	5.698473E0	4.765852E-1
7.855905E0	5.771634E0	5.158726E-1
7.872584E0	5.849964E0	5.259432E-1
7.889263E0	5.901264E0	5.516442E-1
7.905942E0	5.908779E0	5.629281E-1
7.922622E0	5.901526E0	5.755823E-1
7.939301E0	5.906133E0	5.820598E-1
7.955980E0	5.943006E0	5.858161E-1
7.972659E0	5.974656E0	5.761419E-1
7.989338E0	5.990144E0	5.414917E-1
8.006018E0	5.993535E0	5.353026E-1
8.022697E0	5.998302E0	5.376819E-1
8.039376E0	5.997863E0	4.985264E-1
8.056055E0	5.996419E0	4.977553E-1
8.072734E0	5.993458E0	5.227723E-1
8.089414E0	5.996782E0	5.488967E-1
8.106093E0	5.997828E0	5.563615E-1
8.122772E0	5.999366E0	5.537891E-1
8.139451E0	6.005490E0	5.265795E-1
8.156130E0	6.038720E0	4.504985E-1
8.172810E0	6.073636E0	4.296650E-1
8.189489E0	6.083473E0	4.594874E-1
8.206168E0	6.093956E0	4.969756E-1
8.222847E0	6.097334E0	4.924329E-1
8.239526E0	6.090599E0	4.694926E-1
8.256206E0	6.084973E0	4.704526E-1
8.272885E0	6.074682E0	4.696417E-1
8.289564E0	6.084725E0	4.584891E-1
8.306243E0	6.109474E0	4.681664E-1
8.322923E0	6.145278E0	4.997498E-1
8.339602E0	6.168207E0	5.353527E-1
8.356281E0	6.179097E0	5.402524E-1
8.372960E0	6.192196E0	5.306264E-1
8.389639E0	6.193817E0	5.111605E-1
8.406319E0	6.204274E0	5.083638E-1
8.422998E0	6.230011E0	5.109219E-1
8.439677E0	6.258721E0	5.368439E-1
8.456356E0	6.294420E0	5.633416E-1
8.473035E0	6.355341E0	6.035803E-1
8.489715E0	6.440005E0	6.172948E-1
8.506394E0	6.490796E0	6.160718E-1
8.523073E0	6.502915E0	6.442341E-1
8.539752E0	6.497069E0	6.520552E-1
8.556431E0	6.479515E0	6.601973E-1
8.573111E0	6.475166E0	6.672935E-1
8.589790E0	6.497796E0	6.706699E-1
8.606469E0	6.521947E0	6.565234E-1
8.623148E0	6.559118E0	6.239543E-1
8.639827E0	6.580493E0	6.360437E-1
8.656507E0	6.584404E0	5.899295E-1
8.673186E0	6.585624E0	5.687002E-1
8.689865E0	6.584599E0	5.818841E-1
8.706544E0	6.582942E0	6.168070E-1
8.723223E0	6.581403E0	6.291170E-1
8.739903E0	6.583535E0	6.234941E-1
8.756582E0	6.582547E0	6.272229E-1
8.773261E0	6.608837E0	5.772020E-1
8.789940E0	6.631734E0	5.349881E-1
8.806619E0	6.640435E0	5.336850E-1
8.823299E0	6.641817E0	5.668594E-1
8.839978E0	6.643844E0	5.955447E-1
8.856657E0	6.642991E0	5.811119E-1
8.873336E0	6.643143E0	5.782538E-1
8.890015E0	6.629325E0	5.898547E-1
8.906695E0	6.621060E0	5.902004E-1
8.923374E0	6.632054E0	5.829733E-1
8.940053E0	6.650718E0	6.075959E-1
8.956732E0	6.667780E0	6.311290E-1
8.973411E0	6.670298E0	6.408127E-1
8.990091E0	6.660979E0	6.287069E-1
9.006770E0	6.652496E0	5.931590E-1
9.023449E0	6.632257E0	5.892139E-1
9.040128E0	6.640164E0	5.853610E-1
9.056807E0	6.659717E0	5.965062E-1
9.073487E0	6.690734E0	6.141626E-1
9.090166E0	6.725199E0	6.492501E-1
9.106845E0	6.789466E0	6.856772E-1
9.123524E0	6.856746E0	6.735009E-1
9.140203E0	6.887606E0	6.921359E-1
9.156883E0	6.894646E0	7.217499E-1
9.173562E0	6.882269E0	7.264863E-1
9.190241E0	6.886478E0	7.230487E-1
9.206920E0	6.917167E0	7.278455E-1
9.223599E0	6.939771E0	7.198749E-1
9.240279E0	6.945774E0	6.910154E-1
9.256958E0	6.939326E0	6.928449E-1
9.273637E0	6.930310E0	6.970008E-1
9.290316E0	6.928261E0	6.652372E-1
9.306996E0	6.937796E0	6.547880E-1
9.323675E0	6.931840E0	6.681752E-1
9.340354E0	6.914788E0	7.042033E-1
9.357033E0	6.903794E0	7.045430E-1
9.373712E0	6.901767E0	6.993640E-1
9.390392E0	6.907675E0	6.862762E-1
9.407071E0	6.924611E0	6.713399E-1
9.423750E0	6.930625E0	6.617507E-1
9.440429E0	6.925491E0	6.744079E-1
9.457108E0	6.918250E0	6.995030E-1
9.473788E0	6.910451E0	6.960585E-1
9.490467E0	6.900374E0	6.834033E-1
9.507146E0	6.882289E0	6.776126E-1
9.523825E0	6.862328E0	6.738581E-1
9.540504E0	6.872740E0	6.731447E-1
9.557184E0	6.889001E0	6.909287E-1
9.573863E0	6.898702E0	7.344362E-1
9.590542E0	6.901799E0	7.565987E-1
9.607221E0	6.902900E0	7.548354E-1
9.623900E0	6.896067E0	7.328437E-1
9.640580E0	6.872212E0	7.140102E-1
9.657259E0	6.878589E0	7.029362E-1
9.673938E0	6.896369E0	7.062650E-1
9.690617E0	6.925417E0	7.351719E-1
9.707296E0	6.962270E0	7.601370E-1
9.723976E0	7.021163E0	8.253840E-1
9.740655E0	7.112201E0	8.340078E-1
9.757334E0	7.159517E0	8.493228E-1
9.774013E0	7.174431E0	8.843292E-1
9.790692E0	7.173294E0	8.872290E-1
9.807372E0	7.176014E0	8.920057E-1
9.824051E0	7.201123E0	8.897060E-1
9.840730E0	7.234460E0	8.866970E-1
9.857409E0	7.246025E0	8.600562E-1
9.874088E0	7.250286E0	8.297610E-1
9.890768E0	7.242150E0	8.467023E-1
9.907447E0	7.237858E0	8.165803E-1
9.924126E0	7.235429E0	8.028626E-1
9.940805E0	7.235666E0	8.148339E-1
9.957484E0	7.227637E0	8.451095E-1
9.974164E0	7.231741E0	8.465939E-1
9.990843E0	7.232888E0	8.532828E-1
1.000752E1	7.236748E0	8.485004E-1
1.002420E1	7.277609E0	7.786212E-1
1.004088E1	7.315990E0	7.414562E-1
1.005756E1	7.343902E0	7.529352E-1
1.007424E1	7.353774E0	7.865091E-1
1.009092E1	7.357496E0	7.885045E-1
1.010760E1	7.357497E0	7.710144E-1
1.012428E1	7.353769E0	7.714294E-1
1.014096E1	7.344548E0	7.778259E-1
1.015763E1	7.343505E0	7.755890E-1
1.017431E1	7.353440E0	7.716441E-1
1.019099E1	7.370319E0	7.919328E-1
1.020767E1	7.388449E0	8.289467E-1
1.022435E1	7.396042E0	8.524639E-1
1.024103E1	7.394232E0	8.395141E-1
1.025771E1	7.370144E0	8.174762E-1
1.027439E1	7.352125E0	8.140244E-1
1.029107E1	7.355809E0	7.987905E-1
1.030775E1	7.368436E0	8.114996E-1
1.032443E1	7.395470E0	8.319859E-1
1.034111E1	7.441606E0	8.799693E-1
1.035779E1	7.516939E0	9.141982E-1
1.037446E1	7.575435E0	9.179793E-1
1.039114E1	7.606980E0	9.557636E-1
1.040782E1	7.612402E0	9.679634E-1
1.042450E1	7.606799E0	9.768699E-1
1.044118E1	7.614368E0	9.743141E-1
1.045786E1	7.646883E0	9.748181E-1
1.047454E1	7.667874E0	9.628385E-1
1.049122E1	7.673911E0	9.296448E-1
1.050790E1	7.665683E0	9.375743E-1
1.052458E1	7.665822E0	9.061654E-1
1.054126E1	7.668025E0	8.766313E-1
1.055794E1	7.672687E0	8.754010E-1
1.057461E1	7.666648E0	9.124361E-1
1.059129E1	7.666997E0	9.263768E-1
1.060797E1	7.666925E0	9.289254E-1
1.062465E1	7.666098E0	9.341293E-1
1.064133E1	7.690951E0	8.933246E-1
1.065801E1	7.727882E0	8.380561E-1
1.067469E1	7.744401E0	8.365426E-1
1.069137E1	7.744251E0	8.606498E-1
1.070805E1	7.747832E0	8.885773E-1
1.072473E1	7.736681E0	8.614506E-1
1.074141E1	7.736589E0	8.365996E-1
1.075809E1	7.725638E0	8.426735E-1
1.077477E1	7.718880E0	8.410555E-1
1.079144E1	7.731627E0	8.264570E-1
1.080812E1	7.749310E0	8.394061E-1
1.082480E1	7.766901E0	8.680712E-1
1.084148E1	7.761737E0	8.782113E-1
1.085816E1	7.741625E0	8.627703E-1
1.087484E1	7.723755E0	8.315370E-1
1.089152E1	7.693631E0	8.303073E-1
1.090820E1	7.679129E0	8.354191E-1
1.092488E1	7.674371E0	8.474719E-1
1.094156E1	7.678913E0	8.794925E-1
1.095824E1	7.699647E0	9.011870E-1
1.097492E1	7.744140E0	9.346958E-1
1.099160E1	7.793072E0	9.330822E-1
1.100827E1	7.811392E0	9.283959E-1
1.102495E1	7.818769E0	9.581256E-1
1.104163E1	7.813872E0	9.682698E-1
1.105831E1	7.805499E0	9.745849E-1
1.107499E1	7.822171E0	9.698901E-1
1.109167E1	7.851857E0	9.641535E-1
1.110835E1	7.855317E0	9.415143E-1
1.112503E1	7.853802E0	9.333072E-1
1.114171E1	7.846754E0	9.266267E-1
1.115839E1	7.844549E0	8.922943E-1
1.117507E1	7.847582E0	8.846080E-1
1.119175E1	7.841760E0	9.081019E-1
1.120842E1	7.839663E0	9.347234E-1
1.122510E1	7.841307E0	9.296713E-1
1.124178E1	7.837213E0	9.360519E-1
1.125846E1	7.839792E0	9.225159E-1
1.127514E1	7.875684E0	8.507842E-1
1.129182E1	7.886425E0	8.324196E-1
1.130850E1	7.888858E0	8.309554E-1
1.132518E1	7.887804E0	8.710752E-1
1.134186E1	7.882073E0	8.727881E-1
1.135854E1	7.876899E0	8.424533E-1
1.137522E1	7.874609E0	8.473354E-1
1.139190E1	7.858868E0	8.531175E-1
1.140858E1	7.861818E0	8.535471E-1
1.142525E1	7.874428E0	8.629720E-1
1.144193E1	7.894611E0	8.960751E-1
1.145861E1	7.908516E0	9.246311E-1
1.147529E1	7.910457E0	9.271321E-1
1.149197E1	7.902602E0	9.083478E-1
1.150865E1	7.884090E0	8.902419E-1
1.152533E1	7.877405E0	8.820294E-1
1.154201E1	7.885834E0	8.703285E-1
1.155869E1	7.899127E0	8.981166E-1
1.157537E1	7.926852E0	9.282692E-1
1.159205E1	7.964915E0	9.756460E-1
1.160873E1	8.034158E0	1.002692E0
1.162540E1	8.068726E0	1.011197E0
1.164208E1	8.085323E0	1.043693E0
1.165876E1	8.081987E0	1.055623E0
1.167544E1	8.077847E0	1.074640E0
1.169212E1	8.082843E0	1.074463E0
1.170880E1	8.118678E0	1.073848E0
1.172548E1	8.146416E0	1.052952E0
1.174216E1	8.163328E0	1.035321E0
1.175884E1	8.176350E0	1.044635E0
1.177552E1	8.181392E0	1.009092E0
1.179220E1	8.184451E0	9.870545E-1
1.180888E1	8.181288E0	1.003699E0
1.182556E1	8.172824E0	1.040281E0
1.184223E1	8.175780E0	1.035055E0
1.185891E1	8.176266E0	1.044128E0
1.187559E1	8.171886E0	1.051550E0
1.189227E1	8.198576E0	9.838771E-1
1.190895E1	8.219884E0	9.248036E-1
1.192563E1	8.226039E0	9.230097E-1
1.194231E1	8.230485E0	9.524028E-1
1.195899E1	8.224112E0	9.690721E-1
1.197567E1	8.209475E0	9.415395E-1
1.199235E1	8.209692E0	9.331118E-1
1.200903E1	8.193245E0	9.425185E-1
1.202571E1	8.186894E0	9.392503E-1
1.204238E1	8.197308E0	9.299254E-1
1.205906E1	8.215263E0	9.542873E-1
1.207574E1	8.229372E0	9.818738E-1
1.209242E1	8.240489E0	9.893959E-1
1.210910E1	8.235774E0	9.890950E-1
1.212578E1	8.213168E0	9.584161E-1
1.214246E1	8.194737E0	9.487287E-1
1.215914E1	8.190824E0	9.417390E-1
1.217582E1	8.200436E0	9.511373E-1
1.219250E1	8.216805E0	9.881495E-1
1.220918E1	8.249083E0	1.020469E0
1.222586E1	8.312438E0	1.062925E0
1.224254E1	8.358909E0	1.074535E0
1.225921E1	8.375347E0	1.098556E0
1.227589E1	8.383656E0	1.126844E0
1.229257E1	8.377272E0	1.141318E0
1.230925E1	8.373495E0	1.150907E0
1.232593E1	8.386266E0	1.153199E0
1.234261E1	8.429596E0	1.139784E0
1.235929E1	8.464698E0	1.116558E0
1.237597E1	8.481729E0	1.131371E0
1.239265E1	8.486246E0	1.087880E0
1.240933E1	8.476950E0	1.055988E0
1.242601E1	8.471090E0	1.059200E0
1.244269E1	8.469066E0	1.087021E0
1.245936E1	8.469409E0	1.106954E0
1.247604E1	8.468930E0	1.104449E0
1.249272E1	8.465425E0	1.116651E0
1.250940E1	8.477174E0	1.091012E0
1.252608E1	8.512552E0	1.009935E0
1.254276E1	8.528165E0	9.905322E-1
1.255944E1	8.531874E0	1.001227E0
1.257612E1	8.541266E0	1.032425E0
1.259280E1	8.542230E0	1.032569E0
1.260948E1	8.541463E0	1.009794E0
1.262616E1	8.539447E0	1.026922E0
1.264284E1	8.519421E0	1.029895E0
1.265952E1	8.527885E0	1.032388E0
1.267619E1	8.551264E0	1.044116E0
1.269287E1	8.578280E0	1.082490E0
1.270955E1	8.589810E0	1.106590E0
1.272623E1	8.600749E0	1.116100E0
1.274291E1	8.609379E0	1.081778E0
1.275959E1	8.587251E0	1.071267E0
1.277627E1	8.593475E0	1.049213E0
1.279295E1	8.617987E0	1.051025E0
1.280963E1	8.636373E0	1.082772E0
1.282631E1	8.668872E0	1.107920E0
1.284299E1	8.712524E0	1.150508E0
1.285967E1	8.776595E0	1.175322E0
1.287635E1	8.818825E0	1.175421E0
1.289302E1	8.833541E0	1.208834E0
1.290970E1	8.826543E0	1.217175E0
1.292638E1	8.817250E0	1.231205E0
1.294306E1	8.824324E0	1.226418E0
1.295974E1	8.862231E0	1.222926E0
1.297642E1	8.886835E0	1.195128E0
1.299310E1	8.901291E0	1.162898E0
1.300978E1	8.896459E0	1.170962E0
1.302646E1	8.893483E0	1.135727E0
1.304314E1	8.883304E0	1.110126E0
1.305982E1	8.877208E0	1.132037E0
1.307650E1	8.875833E0	1.161687E0
1.309317E1	8.878060E0	1.164145E0
1.310985E1	8.877297E0	1.171922E0
1.312653E1	8.876498E0	1.175285E0
1.314321E1	8.902107E0	1.122033E0
1.315989E1	8.923846E0	1.080529E0
1.317657E1	8.924722E0	1.057535E0
1.319325E1	8.923755E0	1.071995E0
1.320993E1	8.922287E0	1.098280E0
1.322661E1	8.922013E0	1.086942E0
1.324329E1	8.919519E0	1.084867E0
1.325997E1	8.903978E0	1.083888E0
1.327665E1	8.900574E0	1.080904E0
1.329333E1	8.910489E0	1.072948E0
1.331000E1	8.936688E0	1.101329E0
1.332668E1	8.952645E0	1.137013E0
1.334336E1	8.975618E0	1.161104E0
1.336004E1	8.982993E0	1.155053E0
1.337672E1	8.975637E0	1.134487E0
1.339340E1	8.972637E0	1.136943E0
1.341008E1	8.997850E0	1.125461E0
1.342676E1	9.019483E0	1.137848E0
1.344344E1	9.056761E0	1.173404E0
1.346012E1	9.111104E0	1.207740E0
1.347680E1	9.172708E0	1.235436E0
1.349348E1	9.230753E0	1.227518E0
1.351015E1	9.257605E0	1.261159E0
1.352683E1	9.254340E0	1.287877E0
1.354351E1	9.235802E0	1.298194E0
1.356019E1	9.233120E0	1.304343E0
1.357687E1	9.262550E0	1.307813E0
1.359355E1	9.292002E0	1.292697E0
1.361023E1	9.309838E0	1.253748E0
1.362691E1	9.316601E0	1.250707E0
1.364359E1	9.316509E0	1.232627E0
1.366027E1	9.313738E0	1.201931E0
1.367695E1	9.309943E0	1.208094E0
1.369363E1	9.309027E0	1.241309E0
1.371031E1	9.309144E0	1.251695E0
1.372698E1	9.310691E0	1.253896E0
1.374366E1	9.310757E0	1.278121E0
1.376034E1	9.319809E0	1.244818E0
1.377702E1	9.348058E0	1.188425E0
1.379370E1	9.359616E0	1.165921E0
1.381038E1	9.355552E0	1.174147E0
1.382706E1	9.355212E0	1.204424E0
1.384374E1	9.348279E0	1.212832E0
1.386042E1	9.346431E0	1.203299E0
1.387710E1	9.338225E0	1.187149E0
1.389378E1	9.330321E0	1.179569E0
1.391046E1	9.338311E0	1.169534E0
1.392713E1	9.353470E0	1.191802E0
1.394381E1	9.363231E0	1.236321E0
1.396049E1	9.367756E0	1.250165E0
1.397717E1	9.373250E0	1.261052E0
1.399385E1	9.358994E0	1.231318E0
1.401053E1	9.323508E0	1.233274E0
1.402721E1	9.315932E0	1.221622E0
1.404389E1	9.323182E0	1.219590E0
1.406057E1	9.340380E0	1.256931E0
1.407725E1	9.375701E0	1.290397E0
1.409393E1	9.442010E0	1.339702E0
1.411061E1	9.540489E0	1.339248E0
1.412729E1	9.650920E0	1.351167E0
1.414396E1	9.706181E0	1.381560E0
1.416064E1	9.719647E0	1.388912E0
1.417732E1	9.722539E0	1.395520E0
1.419400E1	9.746866E0	1.409473E0
1.421068E1	9.773453E0	1.403113E0
1.422736E1	9.779767E0	1.371542E0
1.424404E1	9.795736E0	1.339789E0
1.426072E1	9.803197E0	1.373965E0
1.427740E1	9.809254E0	1.330262E0
1.429408E1	9.807008E0	1.296538E0
1.431076E1	9.801989E0	1.320720E0
1.432744E1	9.797326E0	1.353859E0
1.434411E1	9.798373E0	1.371339E0
1.436079E1	9.800593E0	1.378774E0
1.437747E1	9.802242E0	1.366293E0
1.439415E1	9.837052E0	1.317183E0
1.441083E1	9.858287E0	1.286983E0
1.442751E1	9.865631E0	1.275360E0
1.444419E1	9.864167E0	1.292582E0
1.446087E1	9.857147E0	1.319859E0
1.447755E1	9.853828E0	1.307357E0
1.449423E1	9.847546E0	1.291458E0
1.451091E1	9.829412E0	1.273405E0
1.452759E1	9.840539E0	1.260904E0
1.454427E1	9.855635E0	1.271838E0
1.456094E1	9.876499E0	1.305574E0
1.457762E1	9.876167E0	1.332831E0
1.459430E1	9.880472E0	1.336182E0
1.461098E1	9.881410E0	1.315034E0
1.462766E1	9.866637E0	1.295118E0
1.464434E1	9.863060E0	1.284634E0
1.466102E1	9.885143E0	1.282290E0
1.467770E1	9.905299E0	1.297788E0
1.469438E1	9.939355E0	1.323083E0
1.471106E1	9.997911E0	1.377059E0
1.472774E1	1.007979E1	1.405591E0
1.474442E1	1.013739E1	1.423871E0
1.476110E1	1.016005E1	1.448454E0
1.477777E1	1.016257E1	1.462030E0
1.479445E1	1.015247E1	1.472313E0
1.481113E1	1.016228E1	1.468333E0
1.482781E1	1.019874E1	1.469140E0
1.484449E1	1.022726E1	1.447770E0
1.486117E1	1.023042E1	1.417089E0
1.487785E1	1.021655E1	1.433117E0
1.489453E1	1.022242E1	1.415935E0
1.491121E1	1.021577E1	1.382326E0
1.492789E1	1.021837E1	1.386049E0
1.494457E1	1.021224E1	1.421528E0
1.496125E1	1.021166E1	1.434518E0
1.497792E1	1.021111E1	1.442043E0
1.499460E1	1.021224E1	1.450294E0
1.501128E1	1.024922E1	1.386095E0
1.502796E1	1.028430E1	1.325970E0
1.504464E1	1.029720E1	1.314103E0
1.506132E1	1.029207E1	1.332803E0
1.507800E1	1.029113E1	1.354352E0
1.509468E1	1.029067E1	1.336560E0
1.511136E1	1.028175E1	1.322547E0
1.512804E1	1.026643E1	1.332116E0
1.514472E1	1.025834E1	1.327270E0
1.516140E1	1.025906E1	1.324729E0
1.517808E1	1.026867E1	1.357989E0
1.519475E1	1.026362E1	1.398437E0
1.521143E1	1.025156E1	1.434532E0
1.522811E1	1.023756E1	1.421295E0
1.524479E1	1.022720E1	1.403464E0
1.526147E1	1.021099E1	1.405984E0
1.527815E1	1.021582E1	1.390831E0
1.529483E1	1.023240E1	1.379615E0
1.531151E1	1.026205E1	1.398366E0
1.532819E1	1.031182E1	1.430135E0
1.534487E1	1.039168E1	1.460141E0
1.536155E1	1.046994E1	1.463428E0
1.537823E1	1.050563E1	1.493899E0
1.539490E1	1.051170E1	1.517689E0
1.541158E1	1.050136E1	1.529178E0
1.542826E1	1.050259E1	1.533461E0
1.544494E1	1.052225E1	1.535344E0
1.546162E1	1.056000E1	1.516300E0
1.547830E1	1.058803E1	1.478405E0
1.549498E1	1.059023E1	1.456130E0
1.551166E1	1.058713E1	1.449504E0
1.552834E1	1.058833E1	1.401905E0
1.554502E1	1.058261E1	1.398673E0
1.556170E1	1.057104E1	1.427708E0
1.557838E1	1.056196E1	1.450391E0
1.559506E1	1.056550E1	1.453757E0
1.561173E1	1.056510E1	1.467052E0
1.562841E1	1.058074E1	1.441418E0
1.564509E1	1.062255E1	1.357113E0
1.566177E1	1.064239E1	1.334730E0
1.567845E1	1.063636E1	1.360628E0
1.569513E1	1.062626E1	1.402093E0
1.571181E1	1.062158E1	1.398456E0
1.572849E1	1.061842E1	1.369312E0
1.574517E1	1.061170E1	1.369625E0
1.576185E1	1.059401E1	1.366383E0
1.577853E1	1.059563E1	1.363426E0
1.579521E1	1.060298E1	1.383928E0
1.581188E1	1.060603E1	1.428162E0
1.582856E1	1.060378E1	1.464295E0
1.584524E1	1.060328E1	1.476109E0
1.586192E1	1.060153E1	1.455951E0
1.587860E1	1.058016E1	1.452271E0
1.589528E1	1.058299E1	1.450495E0
1.591196E1	1.060043E1	1.440066E0
1.592864E1	1.062350E1	1.457655E0
1.594532E1	1.066641E1	1.486609E0
1.596200E1	1.072759E1	1.530312E0
1.597868E1	1.081027E1	1.541223E0
1.599536E1	1.086376E1	1.556976E0
1.601204E1	1.089222E1	1.598338E0
1.602871E1	1.088587E1	1.606528E0
1.604539E1	1.086925E1	1.611307E0
1.606207E1	1.087279E1	1.618575E0
1.607875E1	1.091164E1	1.613008E0
1.609543E1	1.093637E1	1.590813E0
1.611211E1	1.094517E1	1.548618E0
1.612879E1	1.094843E1	1.557166E0
1.614547E1	1.095845E1	1.517672E0
1.616215E1	1.095148E1	1.480343E0
1.617883E1	1.094544E1	1.486071E0
1.619551E1	1.093581E1	1.525348E0
1.621219E1	1.093558E1	1.543961E0
1.622886E1	1.093539E1	1.557159E0
1.624554E1	1.093795E1	1.557833E0
1.626222E1	1.096068E1	1.518446E0
1.627890E1	1.098840E1	1.477512E0
1.629558E1	1.099894E1	1.460357E0
1.631226E1	1.100057E1	1.483627E0
1.632894E1	1.099905E1	1.516265E0
1.634562E1	1.100180E1	1.520503E0
1.636230E1	1.099816E1	1.516712E0
1.637898E1	1.097842E1	1.490796E0
1.639566E1	1.097993E1	1.486773E0
1.641234E1	1.100601E1	1.485568E0
1.642902E1	1.103294E1	1.523183E0
1.644569E1	1.104584E1	1.561595E0
1.646237E1	1.105370E1	1.573719E0
1.647905E1	1.105911E1	1.569193E0
1.649573E1	1.106135E1	1.551788E0
1.651241E1	1.105688E1	1.533032E0
1.652909E1	1.107200E1	1.525636E0
1.654577E1	1.109259E1	1.539292E0
1.656245E1	1.110817E1	1.563816E0
1.657913E1	1.115736E1	1.594784E0
1.659581E1	1.123442E1	1.618515E0
1.661249E1	1.131128E1	1.615412E0
1.662917E1	1.135156E1	1.641000E0
1.664585E1	1.135973E1	1.655893E0
1.666252E1	1.134712E1	1.671829E0
1.667920E1	1.133531E1	1.669608E0
1.669588E1	1.133981E1	1.672969E0
1.671256E1	1.135896E1	1.652361E0
1.672924E1	1.136650E1	1.617115E0
1.674592E1	1.137386E1	1.596942E0
1.676260E1	1.137674E1	1.606604E0
1.677928E1	1.137735E1	1.560702E0
1.679596E1	1.137554E1	1.553077E0
1.681264E1	1.136724E1	1.583260E0
1.682932E1	1.136426E1	1.609432E0
1.684600E1	1.136779E1	1.611901E0
1.686267E1	1.136521E1	1.626472E0
1.687935E1	1.138343E1	1.596281E0
1.689603E1	1.143000E1	1.519874E0
1.691271E1	1.145530E1	1.493748E0
1.692939E1	1.145324E1	1.505867E0
1.694607E1	1.145521E1	1.534774E0
1.696275E1	1.144732E1	1.551169E0
1.697943E1	1.144092E1	1.535823E0
1.699611E1	1.142550E1	1.529180E0
1.701279E1	1.141271E1	1.520128E0
1.702947E1	1.142921E1	1.516914E0
1.704615E1	1.144512E1	1.531229E0
1.706283E1	1.146351E1	1.565333E0
1.707950E1	1.148103E1	1.594064E0
1.709618E1	1.149578E1	1.595191E0
1.711286E1	1.150596E1	1.561770E0
1.712954E1	1.149980E1	1.561201E0
1.714622E1	1.150845E1	1.555519E0
1.716290E1	1.152258E1	1.541888E0
1.717958E1	1.154214E1	1.564927E0
1.719626E1	1.158986E1	1.593661E0
1.721294E1	1.165631E1	1.638799E0
1.722962E1	1.172760E1	1.644019E0
1.724630E1	1.176743E1	1.671930E0
1.726298E1	1.177782E1	1.707596E0
1.727965E1	1.177449E1	1.716234E0
1.729633E1	1.176158E1	1.722616E0
1.731301E1	1.176441E1	1.723301E0
1.732969E1	1.179226E1	1.717104E0
1.734637E1	1.180478E1	1.684386E0
1.736305E1	1.180959E1	1.654677E0
1.737973E1	1.180304E1	1.678055E0
1.739641E1	1.179426E1	1.643888E0
1.741309E1	1.176883E1	1.626578E0
1.742977E1	1.175961E1	1.642030E0
1.744645E1	1.174128E1	1.672777E0
1.746313E1	1.173937E1	1.682794E0
1.747981E1	1.174063E1	1.687875E0
1.749648E1	1.176250E1	1.677416E0
1.751316E1	1.180886E1	1.601405E0
1.752984E1	1.183648E1	1.577550E0
1.754652E1	1.184157E1	1.591024E0
1.756320E1	1.183691E1	1.617895E0
1.757988E1	1.182834E1	1.634925E0
1.759656E1	1.181664E1	1.625450E0
1.761324E1	1.180758E1	1.612631E0
1.762992E1	1.178695E1	1.609531E0
1.764660E1	1.178161E1	1.609456E0
1.766328E1	1.179708E1	1.620273E0
1.767996E1	1.180962E1	1.649534E0
1.769663E1	1.180899E1	1.692524E0
1.771331E1	1.181001E1	1.709831E0
1.772999E1	1.181017E1	1.691709E0
1.774667E1	1.180149E1	1.674106E0
1.776335E1	1.179150E1	1.670107E0
1.778003E1	1.179496E1	1.656299E0
1.779671E1	1.180505E1	1.665145E0
1.781339E1	1.183824E1	1.699740E0
1.783007E1	1.189031E1	1.737638E0
1.784675E1	1.196480E1	1.758078E0
1.786343E1	1.202527E1	1.762481E0
1.788011E1	1.205306E1	1.802305E0
1.789679E1	1.205973E1	1.814696E0
1.791346E1	1.204407E1	1.822623E0
1.793014E1	1.204445E1	1.822994E0
1.794682E1	1.207794E1	1.830080E0
1.796350E1	1.211049E1	1.808814E0
1.798018E1	1.212404E1	1.770126E0
1.799686E1	1.212267E1	1.761403E0
1.801354E1	1.212408E1	1.743132E0
1.803022E1	1.212557E1	1.698802E0
1.804690E1	1.212391E1	1.697484E0
1.806358E1	1.211554E1	1.741797E0
1.808026E1	1.211530E1	1.772760E0
1.809694E1	1.211551E1	1.771215E0
1.811361E1	1.211601E1	1.787783E0
1.813029E1	1.213592E1	1.740914E0
1.814697E1	1.216340E1	1.669175E0
1.816365E1	1.216778E1	1.655894E0
1.818033E1	1.215751E1	1.667044E0
1.819701E1	1.215538E1	1.696960E0
1.821369E1	1.214852E1	1.703601E0
1.823037E1	1.214947E1	1.691024E0
1.824705E1	1.214020E1	1.671591E0
1.826373E1	1.212251E1	1.660746E0
1.828041E1	1.213938E1	1.653555E0
1.829709E1	1.215485E1	1.672265E0
1.831377E1	1.216280E1	1.710572E0
1.833044E1	1.216098E1	1.728407E0
1.834712E1	1.215621E1	1.722845E0
1.836380E1	1.215990E1	1.690760E0
1.838048E1	1.214166E1	1.693245E0
1.839716E1	1.213773E1	1.681574E0
1.841384E1	1.214826E1	1.683531E0
1.843052E1	1.217291E1	1.709910E0
1.844720E1	1.220947E1	1.731196E0
1.846388E1	1.226971E1	1.763313E0
1.848056E1	1.235017E1	1.762846E0
1.849724E1	1.239170E1	1.781498E0
1.851392E1	1.240511E1	1.805300E0
1.853060E1	1.239601E1	1.817791E0
1.854727E1	1.238492E1	1.829332E0
1.856395E1	1.238785E1	1.833371E0
1.858063E1	1.240897E1	1.828208E0
1.859731E1	1.242367E1	1.801040E0
1.861399E1	1.242955E1	1.771568E0
1.863067E1	1.242690E1	1.795947E0
1.864735E1	1.242324E1	1.763050E0
1.866403E1	1.242665E1	1.749611E0
1.868071E1	1.242288E1	1.760603E0
1.869739E1	1.241557E1	1.794782E0
1.871407E1	1.240571E1	1.802426E0
1.873075E1	1.241208E1	1.806003E0
1.874742E1	1.242481E1	1.796317E0
1.876410E1	1.247029E1	1.713096E0
1.878078E1	1.249480E1	1.679127E0
1.879746E1	1.253323E1	1.674476E0
1.881414E1	1.260951E1	1.665271E0
1.883082E1	1.267784E1	1.683083E0
1.884750E1	1.272297E1	1.658604E0
1.886418E1	1.275057E1	1.649440E0
1.888086E1	1.274625E1	1.647576E0
1.889754E1	1.274738E1	1.634257E0
1.891422E1	1.275650E1	1.634919E0
1.893090E1	1.276728E1	1.647731E0
1.894758E1	1.277523E1	1.681184E0
1.896425E1	1.277171E1	1.688590E0
1.898093E1	1.277083E1	1.665196E0
1.899761E1	1.275869E1	1.646235E0
1.901429E1	1.275792E1	1.643684E0
1.903097E1	1.276582E1	1.617411E0
1.904765E1	1.277807E1	1.639617E0
1.906433E1	1.282053E1	1.671463E0
1.908101E1	1.287590E1	1.709654E0
1.909769E1	1.294421E1	1.726856E0
1.911437E1	1.300042E1	1.725150E0
1.913105E1	1.303294E1	1.758114E0
1.914773E1	1.303799E1	1.780715E0
1.916440E1	1.303158E1	1.794182E0
1.918108E1	1.303450E1	1.794795E0
1.919776E1	1.306589E1	1.793071E0
1.921444E1	1.309493E1	1.786472E0
1.923112E1	1.309938E1	1.746802E0
1.924780E1	1.309153E1	1.742850E0
1.926448E1	1.309390E1	1.720721E0
1.928116E1	1.309184E1	1.677604E0
1.929784E1	1.309205E1	1.680432E0
1.931452E1	1.307410E1	1.721050E0
1.933120E1	1.306413E1	1.737688E0
1.934788E1	1.305966E1	1.743489E0
1.936456E1	1.306315E1	1.750080E0
1.938123E1	1.308967E1	1.705540E0
1.939791E1	1.312993E1	1.627218E0
1.941459E1	1.313454E1	1.624713E0
1.943127E1	1.312817E1	1.656801E0
1.944795E1	1.313155E1	1.650302E0
1.946463E1	1.312168E1	1.626333E0
1.948131E1	1.311059E1	1.612079E0
1.949799E1	1.309926E1	1.617323E0
1.951467E1	1.308971E1	1.621148E0
1.953135E1	1.309303E1	1.618206E0
1.954803E1	1.309568E1	1.629965E0
1.956471E1	1.309947E1	1.656703E0
1.958138E1	1.310148E1	1.680609E0
1.959806E1	1.309961E1	1.679832E0
1.961474E1	1.309475E1	1.656678E0
1.963142E1	1.306904E1	1.665480E0
1.964810E1	1.307605E1	1.655816E0
1.966478E1	1.313319E1	1.709312E0
1.968146E1	1.319032E1	1.765368E0
1.969814E1	1.327000E1	1.757691E0
1.971482E1	1.332959E1	1.776539E0
1.973150E1	1.336619E1	1.801668E0
1.974818E1	1.337361E1	1.810451E0
1.976486E1	1.337200E1	1.817731E0
1.978154E1	1.339406E1	1.823865E0
1.979821E1	1.342227E1	1.821324E0
1.981489E1	1.341983E1	1.792592E0
1.983157E1	1.341752E1	1.767143E0
1.984825E1	1.341113E1	1.798279E0
1.986493E1	1.341331E1	1.756696E0
1.988161E1	1.341357E1	1.717257E0
1.989829E1	1.340678E1	1.736299E0
1.991497E1	1.339680E1	1.789213E0
1.993165E1	1.338860E1	1.792811E0
1.994833E1	1.338118E1	1.798343E0
1.996501E1	1.338490E1	1.805419E0
1.998169E1	1.343238E1	1.717580E0
1.999836E1	1.350658E1	1.642697E0
2.001504E1	1.356539E1	1.631906E0
2.003172E1	1.357633E1	1.639119E0
2.004840E1	1.357237E1	1.614436E0
2.006508E1	1.357117E1	1.582596E0
2.008176E1	1.355978E1	1.566122E0
2.009844E1	1.353529E1	1.567749E0
2.011512E1	1.354384E1	1.576017E0
2.013180E1	1.355308E1	1.572447E0
2.014848E1	1.355171E1	1.598708E0
2.016516E1	1.354854E1	1.645226E0
2.018184E1	1.355571E1	1.674961E0
2.019852E1	1.354804E1	1.678897E0
2.021519E1	1.353002E1	1.651577E0
2.023187E1	1.351533E1	1.670685E0
2.024855E1	1.351325E1	1.672246E0
2.026523E1	1.350611E1	1.683610E0
2.028191E1	1.353133E1	1.714259E0
2.029859E1	1.357048E1	1.760958E0
2.031527E1	1.363976E1	1.795319E0
2.033195E1	1.371595E1	1.798532E0
2.034863E1	1.376385E1	1.823342E0
2.036531E1	1.378728E1	1.840470E0
2.038199E1	1.378731E1	1.842530E0
2.039867E1	1.379947E1	1.842224E0
2.041534E1	1.384651E1	1.850553E0
2.043202E1	1.386343E1	1.846095E0
2.044870E1	1.385207E1	1.807567E0
2.046538E1	1.383497E1	1.819147E0
2.048206E1	1.383746E1	1.821542E0
2.049874E1	1.385025E1	1.768720E0
2.051542E1	1.384881E1	1.757585E0
2.053210E1	1.384107E1	1.792539E0
2.054878E1	1.383375E1	1.816036E0
2.056546E1	1.381805E1	1.813678E0
2.058214E1	1.380835E1	1.832788E0
2.059882E1	1.382114E1	1.798315E0
2.061550E1	1.385956E1	1.715503E0
2.063217E1	1.386494E1	1.699681E0
2.064885E1	1.384704E1	1.724983E0
2.066553E1	1.384439E1	1.749701E0
2.068221E1	1.383996E1	1.729489E0
2.069889E1	1.383341E1	1.704477E0
2.071557E1	1.382219E1	1.711529E0
2.073225E1	1.380805E1	1.708898E0
2.074893E1	1.381128E1	1.692882E0
2.076561E1	1.380528E1	1.707647E0
2.078229E1	1.380999E1	1.732135E0
2.079897E1	1.380313E1	1.761279E0
2.081565E1	1.379602E1	1.763983E0
2.083233E1	1.379194E1	1.739080E0
2.084900E1	1.376138E1	1.723629E0
2.086568E1	1.375317E1	1.709907E0
2.088236E1	1.374684E1	1.710970E0
2.089904E1	1.374264E1	1.735939E0
2.091572E1	1.376975E1	1.757645E0
2.093240E1	1.382052E1	1.800193E0
2.094908E1	1.389880E1	1.794381E0
2.096576E1	1.395509E1	1.801440E0
2.098244E1	1.399144E1	1.830654E0
2.099912E1	1.399365E1	1.844401E0
2.101580E1	1.398278E1	1.854633E0
2.103248E1	1.397111E1	1.863988E0
2.104915E1	1.399559E1	1.854512E0
2.106583E1	1.400447E1	1.838505E0
2.108251E1	1.399626E1	1.809482E0
2.109919E1	1.398374E1	1.831872E0
2.111587E1	1.399038E1	1.805062E0
2.113255E1	1.399984E1	1.756822E0
2.114923E1	1.399792E1	1.768772E0
2.116591E1	1.398245E1	1.815554E0
2.118259E1	1.396924E1	1.816936E0
2.119927E1	1.394564E1	1.820416E0
2.121595E1	1.393700E1	1.822857E0
2.123263E1	1.396570E1	1.762346E0
2.124931E1	1.398277E1	1.742650E0
2.126598E1	1.398449E1	1.750551E0
2.128266E1	1.397170E1	1.804513E0
2.129934E1	1.397166E1	1.820726E0
2.131602E1	1.398001E1	1.793134E0
2.133270E1	1.397688E1	1.789214E0
2.134938E1	1.395263E1	1.796515E0
2.136606E1	1.394263E1	1.796450E0
2.138274E1	1.394882E1	1.799623E0
2.139942E1	1.395908E1	1.834941E0
2.141610E1	1.395803E1	1.873895E0
2.143278E1	1.395659E1	1.891470E0
2.144946E1	1.395535E1	1.881313E0
2.146613E1	1.395215E1	1.856202E0
2.148281E1	1.392365E1	1.844334E0
2.149949E1	1.392394E1	1.824691E0
2.151617E1	1.393401E1	1.828278E0
2.153285E1	1.395653E1	1.857573E0
2.154953E1	1.399862E1	1.888334E0
2.156621E1	1.406011E1	1.926926E0
2.158289E1	1.412417E1	1.933603E0
2.159957E1	1.415983E1	1.961767E0
2.161625E1	1.418168E1	1.986197E0
2.163293E1	1.417035E1	2.001984E0
2.164961E1	1.416179E1	1.996662E0
2.166629E1	1.418633E1	1.999976E0
2.168296E1	1.422866E1	1.988363E0
2.169964E1	1.423773E1	1.952832E0
2.171632E1	1.423415E1	1.924076E0
2.173300E1	1.423482E1	1.948214E0
2.174968E1	1.423585E1	1.903343E0
2.176636E1	1.422789E1	1.877410E0
2.178304E1	1.420516E1	1.890995E0
2.179972E1	1.419401E1	1.929665E0
2.181640E1	1.419374E1	1.928067E0
2.183308E1	1.418823E1	1.951952E0
2.184976E1	1.419375E1	1.936804E0
2.186644E1	1.423808E1	1.865894E0
2.188311E1	1.426504E1	1.840439E0
2.189979E1	1.426838E1	1.846642E0
2.191647E1	1.426662E1	1.876511E0
2.193315E1	1.425575E1	1.883815E0
2.194983E1	1.425550E1	1.867924E0
2.196651E1	1.424686E1	1.867049E0
2.198319E1	1.422993E1	1.861193E0
2.199987E1	1.423761E1	1.845897E0
2.201655E1	1.423944E1	1.854983E0
2.203323E1	1.424408E1	1.889429E0
2.204991E1	1.424532E1	1.929860E0
2.206659E1	1.424908E1	1.933307E0
2.208327E1	1.425447E1	1.904212E0
2.209994E1	1.423567E1	1.891491E0
2.211662E1	1.422050E1	1.873034E0
2.213330E1	1.422058E1	1.848366E0
2.214998E1	1.422088E1	1.863954E0
2.216666E1	1.425265E1	1.888217E0
2.218334E1	1.430148E1	1.924561E0
2.220002E1	1.436999E1	1.938454E0
2.221670E1	1.442522E1	1.950434E0
2.223338E1	1.445975E1	1.973511E0
2.225006E1	1.446532E1	1.990332E0
2.226674E1	1.445827E1	1.990811E0
2.228342E1	1.445846E1	1.984689E0
2.230009E1	1.448171E1	1.979491E0
2.231677E1	1.449868E1	1.949110E0
2.233345E1	1.449464E1	1.909778E0
2.235013E1	1.448900E1	1.923946E0
2.236681E1	1.449609E1	1.904652E0
2.238349E1	1.449286E1	1.865427E0
2.240017E1	1.448366E1	1.873757E0
2.241685E1	1.446941E1	1.916245E0
2.243353E1	1.446649E1	1.914053E0
2.245021E1	1.445931E1	1.916510E0
2.246689E1	1.445522E1	1.925540E0
2.248357E1	1.448374E1	1.858980E0
2.250025E1	1.451633E1	1.790569E0
2.251692E1	1.451371E1	1.788310E0
2.253360E1	1.449749E1	1.827902E0
2.255028E1	1.449503E1	1.829391E0
2.256696E1	1.448524E1	1.802336E0
2.258364E1	1.448114E1	1.792729E0
2.260032E1	1.446807E1	1.793555E0
2.261700E1	1.446230E1	1.794731E0
2.263368E1	1.446720E1	1.784217E0
2.265036E1	1.446959E1	1.798167E0
2.266704E1	1.447188E1	1.832151E0
2.268372E1	1.447213E1	1.855535E0
2.270040E1	1.446692E1	1.846639E0
2.271708E1	1.445847E1	1.811768E0
2.273375E1	1.443283E1	1.812898E0
2.275043E1	1.443445E1	1.791624E0
2.276711E1	1.443327E1	1.785636E0
2.278379E1	1.445448E1	1.814634E0
2.280047E1	1.449229E1	1.840462E0
2.281715E1	1.455753E1	1.885208E0
2.283383E1	1.462472E1	1.893865E0
2.285051E1	1.465987E1	1.910926E0
2.286719E1	1.467146E1	1.937802E0
2.288387E1	1.466686E1	1.952156E0
2.290055E1	1.466255E1	1.960287E0
2.291723E1	1.468026E1	1.967320E0
2.293390E1	1.470833E1	1.959328E0
2.295058E1	1.472281E1	1.924592E0
2.296726E1	1.472140E1	1.909162E0
2.298394E1	1.471011E1	1.932331E0
2.300062E1	1.471024E1	1.906169E0
2.301730E1	1.470463E1	1.886927E0
2.303398E1	1.469617E1	1.910448E0
2.305066E1	1.466838E1	1.952916E0
2.306734E1	1.466232E1	1.953475E0
2.308402E1	1.464623E1	1.962543E0
2.310070E1	1.466038E1	1.948281E0
2.311738E1	1.468555E1	1.894945E0
2.313406E1	1.470215E1	1.876529E0
2.315073E1	1.470206E1	1.894496E0
2.316741E1	1.469097E1	1.921798E0
2.318409E1	1.468361E1	1.919192E0
2.320077E1	1.468696E1	1.884971E0
2.321745E1	1.466864E1	1.878031E0
2.323413E1	1.464748E1	1.871963E0
2.325081E1	1.465479E1	1.874672E0
2.326749E1	1.468056E1	1.888411E0
2.328417E1	1.470071E1	1.925382E0
2.330085E1	1.471322E1	1.953394E0
2.331753E1	1.473738E1	1.980971E0
2.333421E1	1.476095E1	1.970617E0
2.335088E1	1.476096E1	1.960124E0
2.336756E1	1.476066E1	1.957707E0
2.338424E1	1.476744E1	1.938213E0
2.340092E1	1.477406E1	1.948113E0
2.341760E1	1.480468E1	1.983783E0
2.343428E1	1.485959E1	2.030557E0
2.345096E1	1.493325E1	2.040400E0
2.346764E1	1.499918E1	2.056564E0
2.348432E1	1.502828E1	2.080975E0
2.350100E1	1.502917E1	2.108806E0
2.351768E1	1.501340E1	2.117546E0
2.353436E1	1.500997E1	2.113137E0
2.355104E1	1.502121E1	2.106953E0
2.356771E1	1.502875E1	2.073421E0
2.358439E1	1.504179E1	2.032873E0
2.360107E1	1.505196E1	2.035934E0
2.361775E1	1.506637E1	2.028167E0
2.363443E1	1.506489E1	1.987361E0
2.365111E1	1.505705E1	1.965379E0
2.366779E1	1.502745E1	1.971889E0
2.368447E1	1.501568E1	2.009625E0
2.370115E1	1.501009E1	2.034950E0
2.371783E1	1.501279E1	2.045902E0
2.373451E1	1.503257E1	2.016451E0
2.375119E1	1.507732E1	1.965909E0
2.376786E1	1.510233E1	1.943842E0
2.378454E1	1.511672E1	1.952638E0
2.380122E1	1.512949E1	1.979137E0
2.381790E1	1.514149E1	1.988878E0
2.383458E1	1.514908E1	2.000761E0
2.385126E1	1.514911E1	2.015884E0
2.386794E1	1.514856E1	2.035038E0
2.388462E1	1.517171E1	2.057761E0
2.390130E1	1.520037E1	2.092414E0
2.391798E1	1.522878E1	2.133624E0
2.393466E1	1.526675E1	2.163007E0
2.395134E1	1.531324E1	2.192462E0
2.396802E1	1.534301E1	2.188847E0
2.398469E1	1.533487E1	2.191965E0
2.400137E1	1.533707E1	2.183567E0
2.401805E1	1.533242E1	2.175732E0
2.403473E1	1.533998E1	2.181895E0
2.405141E1	1.537461E1	2.219426E0
2.406809E1	1.544502E1	2.264909E0
2.408477E1	1.553448E1	2.262514E0
2.410145E1	1.560042E1	2.303311E0
2.411813E1	1.561910E1	2.322357E0
2.413481E1	1.562098E1	2.343388E0
2.415149E1	1.560893E1	2.345234E0
2.416817E1	1.560508E1	2.342005E0
2.418484E1	1.561916E1	2.331847E0
2.420152E1	1.563944E1	2.297675E0
2.421820E1	1.564028E1	2.247519E0
2.423488E1	1.564273E1	2.268918E0
2.425156E1	1.565301E1	2.229065E0
2.426824E1	1.565529E1	2.179309E0
2.428492E1	1.564654E1	2.163884E0
2.430160E1	1.561687E1	2.180383E0
2.431828E1	1.558322E1	2.231782E0
2.433496E1	1.557769E1	2.244534E0
2.435164E1	1.558697E1	2.225606E0
2.436832E1	1.562674E1	2.158552E0
2.438500E1	1.567333E1	2.109624E0
2.440167E1	1.569110E1	2.089045E0
2.441835E1	1.569566E1	2.092847E0
2.443503E1	1.569481E1	2.093576E0
2.445171E1	1.569509E1	2.082073E0
2.446839E1	1.568321E1	2.093295E0
2.448507E1	1.566348E1	2.096570E0
2.450175E1	1.566889E1	2.105815E0
2.451843E1	1.568310E1	2.123156E0
2.453511E1	1.569310E1	2.166319E0
2.455179E1	1.570040E1	2.193568E0
2.456847E1	1.572596E1	2.204385E0
2.458515E1	1.574861E1	2.204199E0
2.460183E1	1.575159E1	2.182929E0
2.461850E1	1.574294E1	2.180499E0
2.463518E1	1.574655E1	2.159712E0
2.465186E1	1.575134E1	2.167670E0
2.466854E1	1.577795E1	2.207556E0
2.468522E1	1.584333E1	2.239049E0
2.470190E1	1.591693E1	2.244074E0
2.471858E1	1.598269E1	2.249719E0
2.473526E1	1.600882E1	2.277168E0
2.475194E1	1.601352E1	2.292967E0
2.476862E1	1.601911E1	2.296449E0
2.478530E1	1.602691E1	2.297734E0
2.480198E1	1.605602E1	2.298530E0
2.481865E1	1.608416E1	2.274673E0
2.483533E1	1.609142E1	2.229457E0
2.485201E1	1.609322E1	2.215693E0
2.486869E1	1.610456E1	2.219248E0
2.488537E1	1.610213E1	2.179064E0
2.490205E1	1.609325E1	2.161441E0
2.491873E1	1.606317E1	2.175810E0
2.493541E1	1.604831E1	2.209285E0
2.495209E1	1.604142E1	2.222007E0
2.496877E1	1.604180E1	2.224977E0
2.498545E1	1.606163E1	2.192767E0
2.500213E1	1.611115E1	2.115058E0
2.501881E1	1.613963E1	2.084539E0
2.503548E1	1.614852E1	2.088843E0
2.505216E1	1.615182E1	2.092891E0
2.506884E1	1.614961E1	2.088349E0
2.508552E1	1.614045E1	2.072844E0
2.510220E1	1.612356E1	2.080877E0
2.511888E1	1.611411E1	2.087059E0
2.513556E1	1.612547E1	2.091316E0
2.515224E1	1.613467E1	2.112889E0
2.516892E1	1.615343E1	2.147213E0
2.518560E1	1.617212E1	2.170206E0
2.520228E1	1.620298E1	2.181679E0
2.521896E1	1.621098E1	2.171598E0
2.523563E1	1.621123E1	2.170463E0
2.525231E1	1.621519E1	2.161121E0
2.526899E1	1.621752E1	2.148325E0
2.528567E1	1.622296E1	2.167104E0
2.530235E1	1.625974E1	2.194309E0
2.531903E1	1.633004E1	2.231395E0
2.533571E1	1.640884E1	2.229193E0
2.535239E1	1.645412E1	2.255784E0
2.536907E1	1.648480E1	2.281453E0
2.538575E1	1.648407E1	2.302716E0
2.540243E1	1.647379E1	2.305060E0
2.541911E1	1.649403E1	2.303880E0
2.543579E1	1.654854E1	2.295267E0
2.545246E1	1.658317E1	2.250865E0
2.546914E1	1.659382E1	2.204038E0
2.548582E1	1.659013E1	2.212694E0
2.550250E1	1.660326E1	2.180274E0
2.551918E1	1.659403E1	2.142707E0
2.553586E1	1.657183E1	2.135933E0
2.555254E1	1.653410E1	2.154878E0
2.556922E1	1.652991E1	2.179800E0
2.558590E1	1.652710E1	2.194074E0
2.560258E1	1.652740E1	2.197318E0
2.561926E1	1.656692E1	2.140426E0
2.563594E1	1.659290E1	2.093004E0
2.565261E1	1.660190E1	2.071827E0
2.566929E1	1.660291E1	2.084848E0
2.568597E1	1.660011E1	2.107128E0
2.570265E1	1.659257E1	2.092926E0
2.571933E1	1.658313E1	2.102433E0
2.573601E1	1.656142E1	2.108669E0
2.575269E1	1.656096E1	2.110996E0
2.576937E1	1.656790E1	2.115919E0
2.578605E1	1.657510E1	2.147331E0
2.580273E1	1.657939E1	2.184090E0
2.581941E1	1.658550E1	2.196921E0
2.583609E1	1.659748E1	2.189512E0
2.585277E1	1.659832E1	2.176513E0
2.586944E1	1.660241E1	2.179802E0
2.588612E1	1.660581E1	2.162694E0
2.590280E1	1.660272E1	2.164397E0
2.591948E1	1.662201E1	2.197596E0
2.593616E1	1.667797E1	2.229643E0
2.595284E1	1.674913E1	2.247944E0
2.596952E1	1.681826E1	2.264657E0
2.598620E1	1.685007E1	2.300141E0
2.600288E1	1.685845E1	2.330554E0
2.601956E1	1.685931E1	2.352364E0
2.603624E1	1.685493E1	2.351312E0
2.605292E1	1.686656E1	2.345512E0
2.606959E1	1.689799E1	2.341990E0
2.608627E1	1.689888E1	2.305694E0
2.610295E1	1.689485E1	2.274704E0
2.611963E1	1.689891E1	2.282350E0
2.613631E1	1.690145E1	2.251106E0
2.615299E1	1.690316E1	2.219858E0
2.616967E1	1.689126E1	2.220996E0
2.618635E1	1.684763E1	2.247912E0
2.620303E1	1.682106E1	2.286427E0
2.621971E1	1.681623E1	2.294759E0
2.623639E1	1.684633E1	2.265532E0
2.625307E1	1.690093E1	2.192650E0
2.626975E1	1.693838E1	2.157534E0
2.628642E1	1.694833E1	2.152843E0
2.630310E1	1.695456E1	2.173483E0
2.631978E1	1.695798E1	2.158118E0
2.633646E1	1.696116E1	2.130030E0
2.635314E1	1.694993E1	2.129704E0
2.636982E1	1.694127E1	2.131807E0
2.638650E1	1.694959E1	2.132601E0
2.640318E1	1.696573E1	2.150897E0
2.641986E1	1.697932E1	2.184429E0
2.643654E1	1.698640E1	2.198602E0
2.645322E1	1.700562E1	2.218222E0
2.646990E1	1.700891E1	2.209847E0
2.648658E1	1.699228E1	2.211646E0
2.650325E1	1.699726E1	2.208312E0
2.651993E1	1.700532E1	2.206200E0
2.653661E1	1.701227E1	2.229716E0
2.655329E1	1.705255E1	2.264578E0
2.656997E1	1.713048E1	2.310985E0
2.658665E1	1.722018E1	2.319901E0
2.660333E1	1.729027E1	2.342878E0
2.662001E1	1.732493E1	2.378754E0
2.663669E1	1.732838E1	2.396806E0
2.665337E1	1.730359E1	2.400648E0
2.667005E1	1.728753E1	2.401029E0
2.668673E1	1.729097E1	2.390957E0
2.670340E1	1.729304E1	2.366378E0
2.672008E1	1.728840E1	2.324961E0
2.673676E1	1.728660E1	2.325597E0
2.675344E1	1.729346E1	2.306135E0
2.677012E1	1.729639E1	2.259173E0
2.678680E1	1.729024E1	2.235845E0
2.680348E1	1.726592E1	2.236864E0
2.682016E1	1.723555E1	2.272774E0
2.683684E1	1.721340E1	2.310210E0
2.685352E1	1.721950E1	2.302331E0
2.687020E1	1.724382E1	2.248547E0
2.688688E1	1.727412E1	2.198570E0
2.690356E1	1.728232E1	2.170355E0
2.692023E1	1.728331E1	2.181864E0
2.693691E1	1.727447E1	2.197518E0
2.695359E1	1.727420E1	2.189559E0
2.697027E1	1.726631E1	2.190695E0
2.698695E1	1.724972E1	2.196735E0
2.700363E1	1.723758E1	2.192847E0
2.702031E1	1.724944E1	2.207971E0
2.703699E1	1.726014E1	2.230654E0
2.705367E1	1.727419E1	2.259934E0
2.707035E1	1.728764E1	2.269004E0
2.708703E1	1.730774E1	2.267492E0
2.710371E1	1.731422E1	2.245118E0
2.712038E1	1.730538E1	2.256319E0
2.713706E1	1.731995E1	2.234009E0
2.715374E1	1.733140E1	2.234471E0
2.717042E1	1.735046E1	2.254609E0
2.718710E1	1.740629E1	2.273122E0
2.720378E1	1.748665E1	2.300814E0
2.722046E1	1.756438E1	2.298160E0
2.723714E1	1.760472E1	2.316349E0
2.725382E1	1.761049E1	2.340670E0
2.727050E1	1.759671E1	2.348739E0
2.728718E1	1.756747E1	2.348596E0
2.730386E1	1.755912E1	2.345671E0
2.732054E1	1.755921E1	2.314568E0
2.733721E1	1.755407E1	2.273136E0
2.735389E1	1.753516E1	2.232172E0
2.737057E1	1.753809E1	2.257851E0
2.738725E1	1.754506E1	2.217842E0
2.740393E1	1.754786E1	2.178486E0
2.742061E1	1.752486E1	2.175567E0
2.743729E1	1.748785E1	2.195423E0
2.745397E1	1.746468E1	2.230333E0
2.747065E1	1.746472E1	2.258699E0
2.748733E1	1.747580E1	2.241730E0
2.750401E1	1.751181E1	2.178394E0
2.752069E1	1.752934E1	2.130951E0
2.753736E1	1.753507E1	2.125169E0
2.755404E1	1.753490E1	2.139764E0
2.757072E1	1.752911E1	2.150106E0
2.758740E1	1.752741E1	2.144709E0
2.760408E1	1.751367E1	2.162555E0
2.762076E1	1.749970E1	2.168148E0
2.763744E1	1.750724E1	2.185308E0
2.765412E1	1.751557E1	2.193919E0
2.767080E1	1.752398E1	2.232589E0
2.768748E1	1.753619E1	2.246655E0
2.770416E1	1.756371E1	2.258609E0
2.772084E1	1.758420E1	2.242524E0
2.773752E1	1.758683E1	2.228727E0
2.775419E1	1.759272E1	2.214800E0
2.777087E1	1.760416E1	2.194874E0
2.778755E1	1.760472E1	2.196452E0
2.780423E1	1.764199E1	2.223499E0
2.782091E1	1.771088E1	2.238420E0
2.783759E1	1.779410E1	2.261444E0
2.785427E1	1.784551E1	2.268081E0
2.787095E1	1.785841E1	2.290635E0
2.788763E1	1.786358E1	2.303049E0
2.790431E1	1.785634E1	2.311474E0
2.792099E1	1.785242E1	2.300422E0
2.793767E1	1.787080E1	2.286637E0
2.795434E1	1.788497E1	2.264503E0
2.797102E1	1.788405E1	2.223116E0
2.798770E1	1.787474E1	2.211270E0
2.800438E1	1.788366E1	2.203764E0
2.802106E1	1.788176E1	2.155385E0
2.803774E1	1.787965E1	2.132370E0
2.805442E1	1.786163E1	2.142419E0
2.807110E1	1.782836E1	2.185113E0
2.808778E1	1.780777E1	2.220870E0
2.810446E1	1.780870E1	2.221782E0
2.812114E1	1.784051E1	2.156563E0
2.813782E1	1.788265E1	2.099958E0
2.815450E1	1.791199E1	2.072781E0
2.817117E1	1.791582E1	2.082118E0
2.818785E1	1.791910E1	2.107508E0
2.820453E1	1.792299E1	2.089965E0
2.822121E1	1.791855E1	2.067680E0
2.823789E1	1.789336E1	2.070938E0
2.825457E1	1.788741E1	2.073818E0
2.827125E1	1.789932E1	2.076817E0
2.828793E1	1.791735E1	2.106090E0
2.830461E1	1.792444E1	2.140656E0
2.832129E1	1.792634E1	2.148368E0
2.833797E1	1.793255E1	2.153830E0
2.835465E1	1.792092E1	2.119631E0
2.837133E1	1.789741E1	2.112637E0
2.838800E1	1.788327E1	2.090030E0
2.840468E1	1.787964E1	2.080722E0
2.842136E1	1.788628E1	2.107822E0
2.843804E1	1.793828E1	2.140892E0
2.845472E1	1.800175E1	2.155411E0
2.847140E1	1.807855E1	2.155150E0
2.848808E1	1.813260E1	2.185592E0
2.850476E1	1.816251E1	2.205820E0
2.852144E1	1.815274E1	2.229108E0
2.853812E1	1.813100E1	2.233229E0
2.855480E1	1.813105E1	2.233484E0
2.857148E1	1.815176E1	2.229138E0
2.858815E1	1.815672E1	2.190317E0
2.860483E1	1.815497E1	2.151439E0
2.862151E1	1.816182E1	2.171630E0
2.863819E1	1.817105E1	2.133666E0
2.865487E1	1.818102E1	2.080650E0
2.867155E1	1.816506E1	2.066333E0
2.868823E1	1.813482E1	2.094850E0
2.870491E1	1.810920E1	2.137603E0
2.872159E1	1.810618E1	2.166577E0
2.873827E1	1.811000E1	2.157809E0
2.875495E1	1.815206E1	2.086908E0
2.877163E1	1.817199E1	2.043795E0
2.878831E1	1.817544E1	2.025356E0
2.880498E1	1.817517E1	2.033170E0
2.882166E1	1.817120E1	2.036975E0
2.883834E1	1.817290E1	2.027484E0
2.885502E1	1.815695E1	2.034676E0
2.887170E1	1.814133E1	2.045083E0
2.888838E1	1.814156E1	2.055718E0
2.890506E1	1.815829E1	2.072095E0
2.892174E1	1.817292E1	2.114514E0
2.893842E1	1.819367E1	2.143303E0
2.895510E1	1.821424E1	2.159795E0
2.897178E1	1.823313E1	2.154956E0
2.898846E1	1.823343E1	2.144337E0
2.900513E1	1.823572E1	2.138156E0
2.902181E1	1.825298E1	2.123293E0
2.903849E1	1.825185E1	2.133961E0
2.905517E1	1.829115E1	2.162726E0
2.907185E1	1.836495E1	2.183312E0
2.908853E1	1.844301E1	2.205898E0
2.910521E1	1.850176E1	2.208131E0
2.912189E1	1.853142E1	2.231621E0
2.913857E1	1.853320E1	2.251262E0
2.915525E1	1.851781E1	2.258096E0
2.917193E1	1.848708E1	2.253335E0
2.918861E1	1.849637E1	2.241721E0
2.920529E1	1.850542E1	2.224083E0
2.922196E1	1.850371E1	2.183692E0
2.923864E1	1.849358E1	2.171130E0
2.925532E1	1.850116E1	2.149047E0
2.927200E1	1.850885E1	2.101468E0
2.928868E1	1.850412E1	2.070760E0
2.930536E1	1.847928E1	2.071709E0
2.932204E1	1.844421E1	2.114698E0
2.933872E1	1.843076E1	2.147832E0
2.935540E1	1.843205E1	2.145957E0
2.937208E1	1.846541E1	2.087466E0
2.938876E1	1.851207E1	2.010904E0
2.940544E1	1.854601E1	1.982924E0
2.942211E1	1.854390E1	1.990488E0
2.943879E1	1.854639E1	1.996908E0
2.945547E1	1.854920E1	1.967715E0
2.947215E1	1.854322E1	1.942666E0
2.948883E1	1.852938E1	1.940800E0
2.950551E1	1.852202E1	1.948068E0
2.952219E1	1.854201E1	1.951726E0
2.953887E1	1.855598E1	1.969722E0
2.955555E1	1.856759E1	2.003344E0
2.957223E1	1.858183E1	2.018190E0
2.958891E1	1.859608E1	2.018010E0
2.960559E1	1.859304E1	1.988392E0
2.962227E1	1.856884E1	1.989474E0
2.963894E1	1.855489E1	1.970394E0
2.965562E1	1.855330E1	1.966059E0
2.967230E1	1.855836E1	1.983547E0
2.968898E1	1.858759E1	2.015904E0
2.970566E1	1.866156E1	2.064313E0
2.972234E1	1.874249E1	2.073934E0
2.973902E1	1.879457E1	2.114219E0
2.975570E1	1.882438E1	2.145444E0
2.977238E1	1.882789E1	2.171908E0
2.978906E1	1.882106E1	2.183986E0
2.980574E1	1.882160E1	2.189171E0
2.982242E1	1.884432E1	2.183345E0
2.983909E1	1.885294E1	2.156024E0
2.985577E1	1.884235E1	2.109435E0
2.987245E1	1.884044E1	2.111113E0
2.988913E1	1.884732E1	2.074459E0
2.990581E1	1.885170E1	2.025800E0
2.992249E1	1.883904E1	1.999862E0
2.993917E1	1.881750E1	2.006637E0
2.995585E1	1.878661E1	2.044081E0
2.997253E1	1.876209E1	2.098859E0
2.998921E1	1.876689E1	2.095752E0
3.000589E1	1.880594E1	2.049306E0
3.002257E1	1.884114E1	2.023689E0
3.003925E1	1.884426E1	2.015758E0
3.005592E1	1.884391E1	2.020659E0
3.007260E1	1.884764E1	2.022094E0
3.008928E1	1.883991E1	2.012664E0
3.010596E1	1.882526E1	2.013462E0
3.012264E1	1.881769E1	2.024802E0
3.013932E1	1.882422E1	2.030520E0
3.015600E1	1.884996E1	2.042914E0
3.017268E1	1.886791E1	2.084416E0
3.018936E1	1.889182E1	2.105184E0
3.020604E1	1.891829E1	2.108039E0
3.022272E1	1.894583E1	2.104296E0
3.023940E1	1.894902E1	2.090196E0
3.025608E1	1.895341E1	2.089097E0
3.027275E1	1.897422E1	2.085198E0
3.028943E1	1.897889E1	2.105419E0
3.030611E1	1.900861E1	2.121624E0
3.032279E1	1.906630E1	2.152753E0
3.033947E1	1.914817E1	2.173810E0
3.035615E1	1.921560E1	2.181679E0
3.037283E1	1.924166E1	2.212542E0
3.038951E1	1.925973E1	2.234292E0
3.040619E1	1.926146E1	2.247236E0
3.042287E1	1.925193E1	2.250661E0
3.043955E1	1.926976E1	2.248088E0
3.045623E1	1.929745E1	2.224475E0
3.047290E1	1.929535E1	2.175572E0
3.048958E1	1.929330E1	2.144018E0
3.050626E1	1.930160E1	2.151357E0
3.052294E1	1.930796E1	2.096986E0
3.053962E1	1.930682E1	2.055201E0
3.055630E1	1.928511E1	2.051139E0
3.057298E1	1.924516E1	2.080214E0
3.058966E1	1.921154E1	2.117380E0
3.060634E1	1.920699E1	2.130862E0
3.062302E1	1.924083E1	2.081513E0
3.063970E1	1.929056E1	2.010802E0
3.065638E1	1.932811E1	1.975122E0
3.067306E1	1.932702E1	1.975431E0
3.068973E1	1.933208E1	1.985344E0
3.070641E1	1.933769E1	1.969750E0
3.072309E1	1.934020E1	1.937502E0
3.073977E1	1.934535E1	1.940806E0
3.075645E1	1.936432E1	1.947748E0
3.077313E1	1.936893E1	1.949897E0
3.078981E1	1.937463E1	1.960616E0
3.080649E1	1.938840E1	1.975136E0
3.082317E1	1.940648E1	1.995174E0
3.083985E1	1.942595E1	1.996415E0
3.085653E1	1.944484E1	1.982018E0
3.087321E1	1.945413E1	1.971427E0
3.088988E1	1.948459E1	1.982821E0
3.090656E1	1.949196E1	1.968593E0
3.092324E1	1.949130E1	1.959832E0
3.093992E1	1.954703E1	1.975774E0
3.095660E1	1.964575E1	2.018753E0
3.097328E1	1.974014E1	2.033074E0
3.098996E1	1.979638E1	2.033961E0
3.100664E1	1.980676E1	2.057168E0
3.102332E1	1.980505E1	2.080658E0
3.104000E1	1.977273E1	2.085895E0
3.105668E1	1.973840E1	2.079268E0
3.107336E1	1.974213E1	2.068113E0
3.109004E1	1.973748E1	2.046587E0
3.110671E1	1.972470E1	2.007556E0
3.112339E1	1.971404E1	2.012703E0
3.114007E1	1.971711E1	1.990875E0
3.115675E1	1.971912E1	1.954424E0
3.117343E1	1.970480E1	1.935351E0
3.119011E1	1.967871E1	1.959469E0
3.120679E1	1.966362E1	1.977655E0
3.122347E1	1.965631E1	1.987257E0
3.124015E1	1.965431E1	1.992297E0
3.125683E1	1.969229E1	1.918745E0
3.127351E1	1.972487E1	1.876599E0
3.129019E1	1.972906E1	1.849916E0
3.130686E1	1.972322E1	1.858556E0
3.132354E1	1.972405E1	1.859727E0
3.134022E1	1.972240E1	1.850642E0
3.135690E1	1.969956E1	1.844007E0
3.137358E1	1.969209E1	1.848096E0
3.139026E1	1.968947E1	1.859646E0
3.140694E1	1.970407E1	1.862465E0
3.142362E1	1.971798E1	1.900643E0
3.144030E1	1.972946E1	1.931067E0
3.145698E1	1.975189E1	1.943867E0
3.147366E1	1.976267E1	1.948755E0
3.149034E1	1.975814E1	1.936329E0
3.150702E1	1.973768E1	1.937368E0
3.152369E1	1.973713E1	1.915864E0
3.154037E1	1.972622E1	1.901552E0
3.155705E1	1.973995E1	1.932971E0
3.157373E1	1.979562E1	1.962259E0
3.159041E1	1.987236E1	1.969674E0
3.160709E1	1.992942E1	1.974000E0
3.162377E1	1.996233E1	2.002763E0
3.164045E1	1.998603E1	2.031385E0
3.165713E1	1.998609E1	2.045269E0
3.167381E1	1.997349E1	2.047855E0
3.169049E1	1.998512E1	2.042964E0
3.170717E1	2.000245E1	2.035749E0
3.172384E1	1.999952E1	1.997163E0
3.174052E1	1.998185E1	1.962766E0
3.175720E1	1.998749E1	1.974560E0
3.177388E1	1.998675E1	1.928689E0
3.179056E1	1.997628E1	1.902665E0
3.180724E1	1.995505E1	1.909070E0
3.182392E1	1.991323E1	1.941728E0
3.184060E1	1.989628E1	1.966453E0
3.185728E1	1.988268E1	1.977758E0
3.187396E1	1.989960E1	1.942422E0
3.189064E1	1.994804E1	1.875940E0
3.190732E1	1.997116E1	1.855247E0
3.192400E1	1.996849E1	1.849853E0
3.194067E1	1.996210E1	1.864599E0
3.195735E1	1.995514E1	1.861321E0
3.197403E1	1.995631E1	1.834252E0
3.199071E1	1.993647E1	1.839208E0
3.200739E1	1.991972E1	1.839510E0
3.202407E1	1.992386E1	1.841572E0
3.204075E1	1.993111E1	1.854957E0
3.205743E1	1.992934E1	1.895818E0
3.207411E1	1.992752E1	1.914529E0
3.209079E1	1.994251E1	1.933249E0
3.210747E1	1.994750E1	1.914897E0
3.212415E1	1.991887E1	1.921558E0
3.214083E1	1.990348E1	1.912689E0
3.215750E1	1.989231E1	1.909203E0
3.217418E1	1.988394E1	1.917573E0
3.219086E1	1.991386E1	1.955573E0
3.220754E1	1.997075E1	1.997223E0
3.222422E1	2.003678E1	1.998159E0
3.224090E1	2.009332E1	2.033135E0
3.225758E1	2.012853E1	2.069337E0
3.227426E1	2.014609E1	2.087998E0
3.229094E1	2.013371E1	2.106065E0
3.230762E1	2.012163E1	2.100785E0
3.232430E1	2.013088E1	2.091401E0
3.234098E1	2.014518E1	2.069594E0
3.235765E1	2.013709E1	2.035391E0
3.237433E1	2.013785E1	2.027250E0
3.239101E1	2.014095E1	2.025829E0
3.240769E1	2.014405E1	1.989165E0
3.242437E1	2.013883E1	1.957161E0
3.244105E1	2.011599E1	1.963033E0
3.245773E1	2.006254E1	1.991847E0
3.247441E1	2.001548E1	2.032729E0
3.249109E1	2.000975E1	2.031444E0
3.250777E1	2.003849E1	1.981547E0
3.252445E1	2.006346E1	1.938249E0
3.254113E1	2.006096E1	1.922532E0
3.255781E1	2.006095E1	1.945095E0
3.257448E1	2.005390E1	1.956660E0
3.259116E1	2.005557E1	1.939405E0
3.260784E1	2.005605E1	1.928476E0
3.262452E1	2.004901E1	1.938689E0
3.264120E1	2.004590E1	1.936226E0
3.265788E1	2.005642E1	1.948042E0
3.267456E1	2.006624E1	1.963523E0
3.269124E1	2.006890E1	1.994055E0
3.270792E1	2.008306E1	2.003007E0
3.272460E1	2.009206E1	2.013086E0
3.274128E1	2.009234E1	1.995844E0
3.275796E1	2.007501E1	1.994522E0
3.277463E1	2.007178E1	1.975259E0
3.279131E1	2.006491E1	1.971770E0
3.280799E1	2.006985E1	1.988374E0
3.282467E1	2.011908E1	2.030682E0
3.284135E1	2.019741E1	2.062670E0
3.285803E1	2.027990E1	2.068659E0
3.287471E1	2.032455E1	2.104328E0
3.289139E1	2.034922E1	2.124930E0
3.290807E1	2.035128E1	2.150357E0
3.292475E1	2.033645E1	2.151955E0
3.294143E1	2.032782E1	2.145276E0
3.295811E1	2.034695E1	2.120775E0
3.297479E1	2.034961E1	2.092962E0
3.299146E1	2.034043E1	2.048334E0
3.300814E1	2.033994E1	2.053479E0
3.302482E1	2.034568E1	2.027873E0
3.304150E1	2.034920E1	1.987327E0
3.305818E1	2.033028E1	1.974778E0
3.307486E1	2.029280E1	1.989796E0
3.309154E1	2.025021E1	2.034463E0
3.310822E1	2.023830E1	2.055330E0
3.312490E1	2.026511E1	2.031982E0
3.314158E1	2.031050E1	1.957004E0
3.315826E1	2.033634E1	1.918405E0
3.317494E1	2.032874E1	1.917474E0
3.319161E1	2.032660E1	1.919679E0
3.320829E1	2.033037E1	1.908081E0
3.322497E1	2.032800E1	1.875273E0
3.324165E1	2.031635E1	1.869619E0
3.325833E1	2.030565E1	1.873968E0
3.327501E1	2.031310E1	1.882025E0
3.329169E1	2.032938E1	1.902397E0
3.330837E1	2.034628E1	1.930018E0
3.332505E1	2.035641E1	1.952330E0
3.334173E1	2.037037E1	1.961840E0
3.335841E1	2.037531E1	1.958261E0
3.337509E1	2.035972E1	1.949235E0
3.339177E1	2.034381E1	1.948255E0
3.340844E1	2.033530E1	1.930683E0
3.342512E1	2.032878E1	1.946992E0
3.344180E1	2.035013E1	1.969607E0
3.345848E1	2.042303E1	2.028507E0
3.347516E1	2.050664E1	2.034754E0
3.349184E1	2.057858E1	2.068053E0
3.350852E1	2.060507E1	2.097127E0
3.352520E1	2.062409E1	2.113628E0
3.354188E1	2.061909E1	2.119528E0
3.355856E1	2.060758E1	2.106532E0
3.357524E1	2.061932E1	2.096613E0
3.359192E1	2.063716E1	2.073861E0
3.360859E1	2.063377E1	2.028640E0
3.362527E1	2.062428E1	1.995257E0
3.364195E1	2.063262E1	1.995098E0
3.365863E1	2.063935E1	1.952154E0
3.367531E1	2.063061E1	1.919640E0
3.369199E1	2.060235E1	1.929311E0
3.370867E1	2.056318E1	1.971564E0
3.372535E1	2.054214E1	2.005831E0
3.374203E1	2.054310E1	2.017889E0
3.375871E1	2.057721E1	1.966951E0
3.377539E1	2.060697E1	1.903716E0
3.379207E1	2.062053E1	1.877596E0
3.380875E1	2.062044E1	1.876618E0
3.382542E1	2.062393E1	1.880214E0
3.384210E1	2.062088E1	1.881879E0
3.385878E1	2.061092E1	1.870424E0
3.387546E1	2.059113E1	1.878020E0
3.389214E1	2.058513E1	1.889926E0
3.390882E1	2.059542E1	1.892312E0
3.392550E1	2.059731E1	1.917442E0
3.394218E1	2.060141E1	1.958829E0
3.395886E1	2.061229E1	1.970912E0
3.397554E1	2.062138E1	1.977911E0
3.399222E1	2.063044E1	1.951045E0
3.400890E1	2.061136E1	1.955171E0
3.402557E1	2.060387E1	1.933316E0
3.404225E1	2.059058E1	1.921284E0
3.405893E1	2.058902E1	1.938131E0
3.407561E1	2.062616E1	1.957586E0
3.409229E1	2.069788E1	1.989075E0
3.410897E1	2.077191E1	1.986102E0
3.412565E1	2.080240E1	2.020053E0
3.414233E1	2.082738E1	2.039774E0
3.415901E1	2.084310E1	2.069705E0
3.417569E1	2.082603E1	2.072461E0
3.419237E1	2.082075E1	2.075279E0
3.420905E1	2.084897E1	2.073052E0
3.422573E1	2.085930E1	2.064207E0
3.424240E1	2.084211E1	2.025925E0
3.425908E1	2.083258E1	2.024704E0
3.427576E1	2.083725E1	1.999317E0
3.429244E1	2.083848E1	1.958244E0
3.430912E1	2.082343E1	1.952391E0
3.432580E1	2.078719E1	1.983780E0
3.434248E1	2.074533E1	1.999821E0
3.435916E1	2.073840E1	2.022639E0
3.437584E1	2.074455E1	2.031391E0
3.439252E1	2.078914E1	1.960679E0
3.440920E1	2.083890E1	1.948731E0
3.442588E1	2.083008E1	1.956152E0
3.444256E1	2.082242E1	1.959714E0
3.445923E1	2.081998E1	1.960546E0
3.447591E1	2.083075E1	1.946559E0
3.449259E1	2.082364E1	1.951385E0
3.450927E1	2.081936E1	1.955388E0
3.452595E1	2.082552E1	1.962926E0
3.454263E1	2.085501E1	1.985283E0
3.455931E1	2.086332E1	1.998636E0
3.457599E1	2.088107E1	2.030657E0
3.459267E1	2.090290E1	2.037033E0
3.460935E1	2.090867E1	2.036370E0
3.462603E1	2.090030E1	2.029529E0
3.464271E1	2.087966E1	2.024552E0
3.465938E1	2.086555E1	1.997933E0
3.467606E1	2.085774E1	1.996074E0
3.469274E1	2.086646E1	2.004671E0
3.470942E1	2.093530E1	2.048023E0
3.472610E1	2.101261E1	2.055181E0
3.474278E1	2.110526E1	2.063744E0
3.475946E1	2.115887E1	2.100226E0
3.477614E1	2.117232E1	2.117171E0
3.479282E1	2.117142E1	2.135363E0
3.480950E1	2.115783E1	2.137551E0
3.482618E1	2.115608E1	2.131042E0
3.484286E1	2.116131E1	2.115946E0
3.485954E1	2.116274E1	2.076616E0
3.487621E1	2.115518E1	2.050902E0
3.489289E1	2.116190E1	2.041432E0
3.490957E1	2.116146E1	1.996437E0
3.492625E1	2.115244E1	1.971359E0
3.494293E1	2.111299E1	1.975851E0
3.495961E1	2.108127E1	2.004958E0
3.497629E1	2.107432E1	2.031934E0
3.499297E1	2.107360E1	2.040053E0
3.500965E1	2.109027E1	2.031661E0
3.502633E1	2.113992E1	1.970093E0
3.504301E1	2.116814E1	1.955729E0
3.505969E1	2.116771E1	1.961687E0
3.507636E1	2.117180E1	1.987693E0
3.509304E1	2.116989E1	1.994018E0
3.510972E1	2.116734E1	1.978863E0
3.512640E1	2.114774E1	1.986885E0
3.514308E1	2.113266E1	1.997046E0
3.515976E1	2.114126E1	2.004186E0
3.517644E1	2.115267E1	2.027474E0
3.519312E1	2.116071E1	2.065755E0
3.520980E1	2.117027E1	2.086110E0
3.522648E1	2.118501E1	2.089699E0
3.524316E1	2.119188E1	2.077806E0
3.525984E1	2.118759E1	2.076909E0
3.527652E1	2.119507E1	2.062251E0
3.529319E1	2.119738E1	2.058655E0
3.530987E1	2.119370E1	2.069035E0
3.532655E1	2.122306E1	2.093856E0
3.534323E1	2.129392E1	2.137782E0
3.535991E1	2.138009E1	2.142262E0
3.537659E1	2.146407E1	2.185968E0
3.539327E1	2.150619E1	2.207853E0
3.540995E1	2.151888E1	2.228686E0
3.542663E1	2.150757E1	2.248197E0
3.544331E1	2.149150E1	2.243615E0
3.545999E1	2.149322E1	2.231854E0
3.547667E1	2.149327E1	2.195196E0
3.549334E1	2.148273E1	2.157165E0
3.551002E1	2.147967E1	2.141016E0
3.552670E1	2.149166E1	2.121334E0
3.554338E1	2.149807E1	2.066758E0
3.556006E1	2.147271E1	2.038724E0
3.557674E1	2.142436E1	2.058468E0
3.559342E1	2.137756E1	2.088097E0
3.561010E1	2.134715E1	2.112953E0
3.562678E1	2.133648E1	2.116748E0
3.564346E1	2.137559E1	2.068883E0
3.566014E1	2.141948E1	2.028493E0
3.567682E1	2.144231E1	2.032712E0
3.569350E1	2.143228E1	2.044913E0
3.571017E1	2.142736E1	2.067423E0
3.572685E1	2.144438E1	2.062484E0
3.574353E1	2.143716E1	2.043499E0
3.576021E1	2.141393E1	2.051481E0
3.577689E1	2.141597E1	2.049805E0
3.579357E1	2.144295E1	2.057229E0
3.581025E1	2.145550E1	2.072622E0
3.582693E1	2.146590E1	2.095494E0
3.584361E1	2.149748E1	2.093403E0
3.586029E1	2.152840E1	2.102538E0
3.587697E1	2.153015E1	2.091913E0
3.589365E1	2.152551E1	2.087624E0
3.591032E1	2.153506E1	2.075192E0
3.592700E1	2.155578E1	2.082618E0
3.594368E1	2.156076E1	2.107677E0
3.596036E1	2.160505E1	2.146775E0
3.597704E1	2.168648E1	2.184814E0
3.599372E1	2.176804E1	2.195131E0
3.601040E1	2.183390E1	2.226665E0
3.602708E1	2.185617E1	2.253515E0
3.604376E1	2.186877E1	2.272749E0
3.606044E1	2.184417E1	2.272774E0
3.607712E1	2.183441E1	2.268893E0
3.609380E1	2.184335E1	2.249702E0
3.611048E1	2.184471E1	2.213621E0
3.612715E1	2.183347E1	2.170605E0
3.614383E1	2.183341E1	2.183986E0
3.616051E1	2.184866E1	2.141713E0
3.617719E1	2.184588E1	2.095823E0
3.619387E1	2.180716E1	2.084811E0
3.621055E1	2.176067E1	2.118950E0
3.622723E1	2.175342E1	2.142325E0
3.624391E1	2.175080E1	2.145328E0
3.626059E1	2.175168E1	2.146915E0
3.627727E1	2.178537E1	2.080170E0
3.629395E1	2.180854E1	2.055844E0
3.631063E1	2.180604E1	2.056913E0
3.632731E1	2.179667E1	2.078814E0
3.634398E1	2.179769E1	2.095838E0
3.636066E1	2.179613E1	2.070156E0
3.637734E1	2.177764E1	2.071357E0
3.639402E1	2.176177E1	2.074765E0
3.641070E1	2.176401E1	2.075875E0
3.642738E1	2.177030E1	2.076909E0
3.644406E1	2.177699E1	2.117268E0
3.646074E1	2.178940E1	2.132674E0
3.647742E1	2.180008E1	2.144948E0
3.649410E1	2.180650E1	2.125309E0
3.651078E1	2.179745E1	2.107825E0
3.652746E1	2.178315E1	2.098151E0
3.654413E1	2.177491E1	2.073783E0
3.656081E1	2.176798E1	2.061852E0
3.657749E1	2.177721E1	2.078321E0
3.659417E1	2.183957E1	2.111489E0
3.661085E1	2.191797E1	2.113673E0
3.662753E1	2.199602E1	2.124347E0
3.664421E1	2.203224E1	2.155170E0
3.666089E1	2.204812E1	2.167417E0
3.667757E1	2.204237E1	2.181774E0
3.669425E1	2.202419E1	2.180331E0
3.671093E1	2.202183E1	2.171745E0
3.672761E1	2.203227E1	2.153956E0
3.674429E1	2.202349E1	2.109857E0
3.676096E1	2.199766E1	2.085295E0
3.677764E1	2.200417E1	2.074553E0
3.679432E1	2.202064E1	2.023798E0
3.681100E1	2.200529E1	1.987938E0
3.682768E1	2.195888E1	2.005661E0
3.684436E1	2.191781E1	2.040681E0
3.686104E1	2.190913E1	2.047866E0
3.687772E1	2.190128E1	2.063793E0
3.689440E1	2.193577E1	2.037336E0
3.691108E1	2.199746E1	1.988446E0
3.692776E1	2.201900E1	1.988463E0
3.694444E1	2.200924E1	2.002424E0
3.696111E1	2.200088E1	2.027791E0
3.697779E1	2.200006E1	2.028913E0
3.699447E1	2.199509E1	1.992802E0
3.701115E1	2.197867E1	1.986093E0
3.702783E1	2.197171E1	1.992080E0
3.704451E1	2.199202E1	1.994153E0
3.706119E1	2.200281E1	2.000804E0
3.707787E1	2.202184E1	2.035036E0
3.709455E1	2.204232E1	2.047156E0
3.711123E1	2.206950E1	2.066991E0
3.712791E1	2.207654E1	2.056957E0
3.714459E1	2.205464E1	2.056413E0
3.716127E1	2.205285E1	2.045165E0
3.717794E1	2.205078E1	2.050396E0
