	masse A		
t	x	y	
0.000000E0	-4.348543E-3	1.961045E-4
1.667195E-2	-5.684777E-3	9.143498E-3
3.334390E-2	-1.453698E-3	1.717820E-4
5.001585E-2	1.784971E-2	-6.157172E-3
6.668780E-2	1.951267E-2	-8.960826E-3
8.335975E-2	2.618933E-2	4.008749E-3
1.000317E-1	3.495040E-2	4.603938E-2
1.167037E-1	6.899862E-2	6.800214E-2
1.333756E-1	1.090641E-1	5.249266E-2
1.500476E-1	1.518429E-1	6.845493E-2
1.667195E-1	1.585794E-1	7.711030E-2
1.833915E-1	1.508867E-1	7.729399E-2
2.000634E-1	1.570452E-1	8.788172E-2
2.167354E-1	1.851724E-1	1.124322E-1
2.334073E-1	1.961250E-1	1.006935E-1
2.500793E-1	1.979631E-1	9.019015E-2
2.667512E-1	2.020520E-1	1.044191E-1
2.834232E-1	2.315006E-1	1.517904E-1
3.000951E-1	2.635657E-1	1.399451E-1
3.167671E-1	2.994318E-1	1.256577E-1
3.334390E-1	3.498534E-1	1.874447E-1
3.501110E-1	3.543081E-1	2.097758E-1
3.667829E-1	3.613068E-1	1.633217E-1
3.834549E-1	3.443998E-1	2.115877E-1
4.001268E-1	3.059984E-1	2.735371E-1
4.167988E-1	2.579709E-1	3.413697E-1
4.334707E-1	2.218126E-1	3.630416E-1
4.501427E-1	2.246485E-1	3.568643E-1
4.668146E-1	2.201960E-1	3.953107E-1
4.834866E-1	1.997321E-1	4.052043E-1
5.001585E-1	1.969427E-1	4.028143E-1
5.168305E-1	2.205254E-1	3.534941E-1
5.335024E-1	2.438652E-1	3.482711E-1
5.501744E-1	2.813108E-1	3.552966E-1
5.668463E-1	3.039116E-1	3.280261E-1
5.835183E-1	2.941684E-1	2.872508E-1
6.001902E-1	2.807327E-1	2.703580E-1
6.168622E-1	2.723773E-1	2.451687E-1
6.335341E-1	2.735932E-1	2.341269E-1
6.502061E-1	2.637930E-1	2.283342E-1
6.668780E-1	2.407798E-1	1.719920E-1
6.835500E-1	2.299680E-1	8.224845E-2
7.002219E-1	2.445583E-1	1.065975E-2
7.168939E-1	3.143687E-1	3.591404E-2
7.335658E-1	3.872637E-1	7.028696E-2
7.502378E-1	4.424492E-1	5.536315E-2
7.669097E-1	4.654538E-1	4.458897E-2
7.835817E-1	4.454785E-1	4.355928E-2
8.002536E-1	4.471481E-1	5.023625E-2
8.169256E-1	4.974299E-1	4.630110E-2
8.335975E-1	5.434315E-1	6.787018E-2
8.502695E-1	5.602165E-1	8.645691E-2
8.669414E-1	5.732630E-1	9.241222E-2
8.836134E-1	5.612619E-1	9.249267E-2
9.002853E-1	5.468398E-1	9.442303E-2
9.169573E-1	5.514613E-1	8.355773E-2
9.336292E-1	5.792684E-1	9.108888E-2
9.503012E-1	6.016272E-1	1.379554E-1
9.669731E-1	6.273699E-1	1.590584E-1
9.836451E-1	6.628775E-1	1.652241E-1
1.000317E0	6.801704E-1	1.697935E-1
1.016989E0	6.788530E-1	1.707043E-1
1.033661E0	6.738833E-1	1.718990E-1
1.050333E0	7.019812E-1	1.874141E-1
1.067005E0	7.159413E-1	1.967573E-1
1.083677E0	7.409641E-1	1.782499E-1
1.100349E0	7.460107E-1	1.738050E-1
1.117021E0	7.575346E-1	2.012521E-1
1.133693E0	7.874474E-1	2.419070E-1
1.150365E0	8.111227E-1	1.948843E-1
1.167037E0	8.655324E-1	1.788482E-1
1.183708E0	9.082158E-1	2.211638E-1
1.200380E0	9.148545E-1	1.762578E-1
1.217052E0	9.157626E-1	1.636392E-1
1.233724E0	8.741113E-1	2.097662E-1
1.250396E0	8.289157E-1	2.601863E-1
1.267068E0	7.922341E-1	3.219989E-1
1.283740E0	7.717838E-1	3.229909E-1
1.300412E0	7.651369E-1	3.137279E-1
1.317084E0	7.563488E-1	3.614536E-1
1.333756E0	7.547343E-1	3.697030E-1
1.350428E0	7.478419E-1	3.367367E-1
1.367100E0	7.722036E-1	2.918507E-1
1.383772E0	7.983765E-1	3.102782E-1
1.400444E0	8.256104E-1	3.267434E-1
1.417116E0	8.350677E-1	3.071468E-1
1.433788E0	8.268365E-1	2.802361E-1
1.450460E0	8.313796E-1	2.417275E-1
1.467132E0	8.259119E-1	2.032158E-1
1.483804E0	7.917051E-1	2.148856E-1
1.500476E0	7.612131E-1	2.021616E-1
1.517147E0	7.517326E-1	1.286106E-1
1.533819E0	7.519171E-1	1.220692E-2
1.550491E0	7.909052E-1	-3.781316E-2
1.567163E0	8.391841E-1	9.130769E-5
1.583835E0	9.067697E-1	3.047912E-2
1.600507E0	9.548501E-1	7.595513E-3
1.617179E0	9.590496E-1	-2.791223E-2
1.633851E0	9.588290E-1	-3.644229E-2
1.650523E0	9.635675E-1	-4.692951E-2
1.667195E0	9.968706E-1	-3.911334E-2
1.683867E0	1.029970E0	-1.431430E-2
1.700539E0	1.040412E0	-2.090869E-2
1.717211E0	1.067612E0	-2.275119E-2
1.733883E0	1.070045E0	-1.774151E-2
1.750555E0	1.040659E0	-2.192812E-2
1.767227E0	1.035805E0	-2.771629E-2
1.783899E0	1.064429E0	-1.211360E-2
1.800571E0	1.103713E0	3.005399E-2
1.817243E0	1.122989E0	2.980608E-2
1.833915E0	1.159977E0	3.363432E-2
1.850586E0	1.183658E0	3.297518E-2
1.867258E0	1.162175E0	2.851308E-2
1.883930E0	1.162673E0	3.705250E-2
1.900602E0	1.199612E0	5.188587E-2
1.917274E0	1.228076E0	5.217736E-2
1.933946E0	1.233372E0	3.062178E-2
1.950618E0	1.232841E0	3.609690E-2
1.967290E0	1.256485E0	7.229757E-2
1.983962E0	1.281557E0	9.512535E-2
2.000634E0	1.316372E0	5.499900E-2
2.017306E0	1.385927E0	5.489338E-2
2.033978E0	1.394704E0	4.650305E-2
2.050650E0	1.362845E0	2.197004E-2
2.067322E0	1.351900E0	1.423035E-2
2.083994E0	1.320946E0	2.325348E-2
2.100666E0	1.277985E0	6.234788E-2
2.117338E0	1.243142E0	8.422967E-2
2.134010E0	1.240769E0	4.683290E-2
2.150682E0	1.238036E0	5.629253E-2
2.167354E0	1.227086E0	7.269724E-2
2.184025E0	1.226206E0	6.645486E-2
2.200697E0	1.218307E0	1.396287E-2
2.217369E0	1.232635E0	-4.672945E-3
2.234041E0	1.264682E0	2.298772E-2
2.250713E0	1.299158E0	5.090940E-3
2.267385E0	1.292028E0	-3.905478E-2
2.284057E0	1.276330E0	-5.932248E-2
2.300729E0	1.266775E0	-5.821364E-2
2.317401E0	1.268050E0	-6.590864E-2
2.334073E0	1.254175E0	-6.843343E-2
2.350745E0	1.233973E0	-1.092403E-1
2.367417E0	1.217662E0	-1.912889E-1
2.384089E0	1.221133E0	-2.977936E-1
2.400761E0	1.256681E0	-3.110908E-1
2.417433E0	1.306808E0	-2.759438E-1
2.434105E0	1.374120E0	-2.660528E-1
2.450777E0	1.424807E0	-2.898855E-1
2.467449E0	1.426212E0	-3.026793E-1
2.484121E0	1.416990E0	-2.890958E-1
2.500793E0	1.424083E0	-2.963173E-1
2.517464E0	1.472521E0	-2.994713E-1
2.534136E0	1.504559E0	-2.755254E-1
2.550808E0	1.523529E0	-2.660455E-1
2.567480E0	1.528332E0	-2.528061E-1
2.584152E0	1.514218E0	-2.537542E-1
2.600824E0	1.506326E0	-2.622084E-1
2.617496E0	1.517630E0	-2.680574E-1
2.634168E0	1.541342E0	-2.501274E-1
2.650840E0	1.568013E0	-1.966836E-1
2.667512E0	1.585923E0	-1.970478E-1
2.684184E0	1.627848E0	-1.942385E-1
2.700856E0	1.653756E0	-1.936310E-1
2.717528E0	1.650656E0	-1.986516E-1
2.734200E0	1.654015E0	-1.939441E-1
2.750872E0	1.683078E0	-1.817788E-1
2.767544E0	1.691437E0	-1.756414E-1
2.784216E0	1.696758E0	-1.976866E-1
2.800888E0	1.711314E0	-1.973072E-1
2.817560E0	1.746368E0	-1.541308E-1
2.834232E0	1.770746E0	-1.364258E-1
2.850903E0	1.789962E0	-1.681452E-1
2.867575E0	1.846245E0	-1.540639E-1
2.884247E0	1.878750E0	-1.437516E-1
2.900919E0	1.865171E0	-1.599300E-1
2.917591E0	1.842774E0	-1.788969E-1
2.934263E0	1.805241E0	-1.521694E-1
2.950935E0	1.765103E0	-1.030806E-1
2.967607E0	1.734470E0	-6.886823E-2
2.984279E0	1.734967E0	-9.106402E-2
3.000951E0	1.741270E0	-7.954878E-2
3.017623E0	1.717925E0	-5.127123E-2
3.034295E0	1.710591E0	-5.058622E-2
3.050967E0	1.710336E0	-1.003530E-1
3.067639E0	1.740853E0	-1.119323E-1
3.084311E0	1.769495E0	-7.226079E-2
3.100983E0	1.805597E0	-7.801713E-2
3.117655E0	1.813169E0	-1.019153E-1
3.134327E0	1.793163E0	-1.056248E-1
3.150999E0	1.784561E0	-1.084996E-1
3.167671E0	1.796255E0	-1.329856E-1
3.184342E0	1.786219E0	-1.316149E-1
3.201014E0	1.754945E0	-1.680149E-1
3.217686E0	1.727794E0	-2.501044E-1
3.234358E0	1.749112E0	-3.398025E-1
3.251030E0	1.792149E0	-3.394417E-1
3.267702E0	1.847812E0	-2.982764E-1
3.284374E0	1.913149E0	-2.874961E-1
3.301046E0	1.955310E0	-2.941947E-1
3.317718E0	1.959984E0	-2.998305E-1
3.334390E0	1.960023E0	-2.839333E-1
3.351062E0	1.981024E0	-2.909819E-1
3.367734E0	2.026396E0	-2.958041E-1
3.384406E0	2.045400E0	-2.726210E-1
3.401078E0	2.069773E0	-2.560644E-1
3.417750E0	2.076962E0	-2.457398E-1
3.434422E0	2.072744E0	-2.424834E-1
3.451094E0	2.061342E0	-2.481839E-1
3.467766E0	2.067100E0	-2.551447E-1
3.484438E0	2.082645E0	-2.407930E-1
3.501110E0	2.112776E0	-1.807862E-1
3.517781E0	2.146635E0	-1.741020E-1
3.534453E0	2.179829E0	-1.725602E-1
3.551125E0	2.195082E0	-1.714427E-1
3.567797E0	2.191902E0	-1.711836E-1
3.584469E0	2.190311E0	-1.642009E-1
3.601141E0	2.225556E0	-1.400400E-1
3.617813E0	2.242264E0	-1.393630E-1
3.634485E0	2.239628E0	-1.607417E-1
3.651157E0	2.241283E0	-1.630822E-1
3.667829E0	2.270928E0	-1.281631E-1
3.684501E0	2.305547E0	-9.627408E-2
3.701173E0	2.322421E0	-1.383653E-1
3.717845E0	2.377713E0	-1.271326E-1
3.734517E0	2.404699E0	-8.401070E-2
3.751189E0	2.411142E0	-1.158962E-1
3.767861E0	2.411184E0	-1.165859E-1
3.784533E0	2.379919E0	-6.396411E-2
3.801205E0	2.335900E0	6.890636E-3
3.817877E0	2.301567E0	7.939951E-2
3.834549E0	2.294725E0	8.918643E-2
3.851220E0	2.293353E0	1.119080E-1
3.867892E0	2.280513E0	1.585547E-1
3.884564E0	2.288200E0	1.684991E-1
3.901236E0	2.286051E0	1.353167E-1
3.917908E0	2.312770E0	1.005833E-1
3.934580E0	2.334553E0	1.443542E-1
3.951252E0	2.364654E0	1.504235E-1
3.967924E0	2.386218E0	1.270122E-1
3.984596E0	2.370887E0	1.194075E-1
4.001268E0	2.362779E0	1.246196E-1
4.017940E0	2.366058E0	1.028808E-1
4.034612E0	2.356726E0	9.883493E-2
4.051284E0	2.332878E0	6.788814E-2
4.067956E0	2.321289E0	1.027902E-2
4.084628E0	2.328898E0	-8.525824E-2
4.101300E0	2.364412E0	-9.953674E-2
4.117972E0	2.418305E0	-6.534726E-2
4.134644E0	2.481774E0	-3.921301E-2
4.151316E0	2.534514E0	-4.589838E-2
4.167988E0	2.546702E0	-5.453555E-2
4.184659E0	2.547334E0	-4.242763E-2
4.201331E0	2.558193E0	-4.522990E-2
4.218003E0	2.592709E0	-6.020037E-2
4.234675E0	2.631043E0	-4.727652E-2
4.251347E0	2.649930E0	-1.837659E-2
4.268019E0	2.672308E0	-1.215411E-3
4.284691E0	2.666787E0	-1.148498E-4
4.301363E0	2.650817E0	-4.778320E-3
4.318035E0	2.652651E0	-9.114482E-3
4.334707E0	2.669810E0	-4.578651E-4
4.351379E0	2.705552E0	4.587975E-2
4.368051E0	2.729069E0	6.899599E-2
4.384723E0	2.748268E0	6.730782E-2
4.401395E0	2.775461E0	7.555406E-2
4.418067E0	2.779995E0	7.971438E-2
4.434739E0	2.776242E0	7.776609E-2
4.451411E0	2.798627E0	8.950973E-2
4.468083E0	2.812779E0	1.052377E-1
4.484755E0	2.822954E0	8.636574E-2
4.501427E0	2.832107E0	7.362062E-2
4.518098E0	2.844736E0	9.319552E-2
4.534770E0	2.875072E0	1.428359E-1
4.551442E0	2.896220E0	1.038592E-1
4.568114E0	2.937855E0	9.059512E-2
4.584786E0	2.983718E0	1.423260E-1
4.601458E0	2.989573E0	1.275380E-1
4.618130E0	2.992323E0	9.792948E-2
4.634802E0	2.965135E0	1.437324E-1
4.651474E0	2.919955E0	2.060020E-1
4.668146E0	2.881942E0	2.810186E-1
4.684818E0	2.869058E0	3.097377E-1
4.701490E0	2.871016E0	2.928616E-1
4.718162E0	2.862310E0	3.417697E-1
4.734834E0	2.856505E0	3.636516E-1
4.751506E0	2.861463E0	3.475979E-1
4.768178E0	2.871865E0	2.829884E-1
4.784850E0	2.903912E0	3.098449E-1
4.801522E0	2.927763E0	3.250897E-1
4.818194E0	2.952903E0	3.136932E-1
4.834866E0	2.940505E0	2.860266E-1
4.851537E0	2.932222E0	2.852660E-1
4.868209E0	2.933820E0	2.756418E-1
4.884881E0	2.934474E0	2.745863E-1
4.901553E0	2.908162E0	2.671231E-1
4.918225E0	2.884536E0	2.069475E-1
4.934897E0	2.895053E0	1.155742E-1
4.951569E0	2.920340E0	6.488885E-2
4.968241E0	2.966915E0	8.395122E-2
4.984913E0	3.027647E0	1.132697E-1
5.001585E0	3.090399E0	1.184950E-1
5.018257E0	3.113459E0	1.123621E-1
5.034929E0	3.113270E0	1.113188E-1
5.051601E0	3.114817E0	1.251083E-1
5.068273E0	3.147712E0	1.142662E-1
5.084945E0	3.185761E0	1.190776E-1
5.101617E0	3.210158E0	1.425254E-1
5.118289E0	3.227415E0	1.544476E-1
5.134961E0	3.228840E0	1.633549E-1
5.151633E0	3.217246E0	1.583203E-1
5.168305E0	3.206834E0	1.386422E-1
5.184976E0	3.226939E0	1.404291E-1
5.201648E0	3.257016E0	1.732105E-1
5.218320E0	3.279154E0	2.267932E-1
5.234992E0	3.300373E0	2.192723E-1
5.251664E0	3.337678E0	2.175396E-1
5.268336E0	3.348475E0	2.277766E-1
5.285008E0	3.341016E0	2.313361E-1
5.301680E0	3.349468E0	2.388490E-1
5.318352E0	3.380949E0	2.610755E-1
5.335024E0	3.386636E0	2.613369E-1
5.351696E0	3.385300E0	2.447651E-1
5.368368E0	3.388083E0	2.483618E-1
5.385040E0	3.419870E0	2.818254E-1
5.401712E0	3.436253E0	2.901805E-1
5.418384E0	3.472403E0	2.459523E-1
5.435056E0	3.527907E0	2.764644E-1
5.451728E0	3.546691E0	3.043108E-1
5.468400E0	3.550723E0	2.621708E-1
5.485072E0	3.544116E0	2.678982E-1
5.501744E0	3.496023E0	3.266736E-1
5.518415E0	3.439253E0	3.992119E-1
5.535087E0	3.417157E0	4.590254E-1
5.551759E0	3.415911E0	4.585478E-1
5.568431E0	3.421167E0	4.662886E-1
5.585103E0	3.412624E0	5.193460E-1
5.601775E0	3.397872E0	5.255083E-1
5.618447E0	3.401717E0	4.873155E-1
5.635119E0	3.430242E0	4.545630E-1
5.651791E0	3.429039E0	4.908370E-1
5.668463E0	3.430662E0	4.787240E-1
5.685135E0	3.416306E0	4.437598E-1
5.701807E0	3.375796E0	4.282714E-1
5.718479E0	3.340271E0	4.699297E-1
5.735151E0	3.379558E0	4.539783E-1
5.751823E0	3.374269E0	4.618590E-1
5.768495E0	3.342516E0	4.456632E-1
5.785167E0	3.304161E0	3.724975E-1
5.801839E0	3.325409E0	2.590778E-1
5.818511E0	3.371914E0	2.297016E-1
5.835183E0	3.422282E0	2.690166E-1
5.851854E0	3.488679E0	2.802742E-1
5.868526E0	3.537138E0	2.682330E-1
5.885198E0	3.548152E0	2.631885E-1
5.901870E0	3.547028E0	2.905538E-1
5.918542E0	3.564152E0	2.930660E-1
5.935214E0	3.610126E0	2.803828E-1
5.951886E0	3.631429E0	3.011355E-1
5.968558E0	3.647098E0	3.233239E-1
5.985230E0	3.668675E0	3.346899E-1
6.001902E0	3.657491E0	3.325256E-1
6.018574E0	3.648123E0	3.185453E-1
6.035246E0	3.652402E0	2.992490E-1
6.051918E0	3.672037E0	3.231774E-1
6.068590E0	3.702380E0	3.786483E-1
6.085262E0	3.725144E0	3.984869E-1
6.101934E0	3.740938E0	3.895975E-1
6.118606E0	3.768075E0	3.970681E-1
6.135278E0	3.775057E0	4.055512E-1
6.151950E0	3.765454E0	4.099165E-1
6.168622E0	3.790492E0	4.249053E-1
6.185293E0	3.815807E0	4.401497E-1
6.201965E0	3.820357E0	4.273814E-1
6.218637E0	3.818915E0	4.190287E-1
6.235309E0	3.829244E0	4.304678E-1
6.251981E0	3.861513E0	4.691619E-1
6.268653E0	3.882021E0	4.333965E-1
6.285325E0	3.924227E0	4.203574E-1
6.301997E0	3.976025E0	4.737289E-1
6.318669E0	3.983750E0	4.649529E-1
6.335341E0	3.983202E0	4.355395E-1
6.352013E0	3.943223E0	4.769585E-1
6.368685E0	3.892848E0	5.441490E-1
6.385357E0	3.861461E0	6.181492E-1
6.402029E0	3.857376E0	6.602673E-1
6.418701E0	3.859432E0	6.674453E-1
6.435373E0	3.853515E0	7.263567E-1
6.452045E0	3.849203E0	7.710950E-1
6.468717E0	3.859009E0	7.731573E-1
6.485389E0	3.891532E0	7.403537E-1
6.502061E0	3.901498E0	7.606515E-1
6.518732E0	3.928141E0	7.718951E-1
6.535404E0	3.949235E0	7.447504E-1
6.552076E0	3.942869E0	7.108199E-1
6.568748E0	3.932746E0	7.017721E-1
6.585420E0	3.930146E0	6.939369E-1
6.602092E0	3.938022E0	6.942468E-1
6.618764E0	3.921406E0	6.826241E-1
6.635436E0	3.901203E0	6.271015E-1
6.652108E0	3.905105E0	5.371871E-1
6.668780E0	3.932830E0	4.858818E-1
6.685452E0	3.977140E0	4.998961E-1
6.702124E0	4.036072E0	5.312186E-1
6.718796E0	4.098881E0	5.440335E-1
6.735468E0	4.130572E0	5.367643E-1
6.752140E0	4.130082E0	5.346711E-1
6.768812E0	4.133222E0	5.502481E-1
6.785484E0	4.169333E0	5.389630E-1
6.802156E0	4.207854E0	5.454497E-1
6.818828E0	4.219127E0	5.760557E-1
6.835500E0	4.241197E0	5.816136E-1
6.852171E0	4.246186E0	5.817271E-1
6.868843E0	4.239329E0	5.737521E-1
6.885515E0	4.237086E0	5.528245E-1
6.902187E0	4.246738E0	5.511997E-1
6.918859E0	4.271532E0	5.917049E-1
6.935531E0	4.295076E0	6.392458E-1
6.952203E0	4.315989E0	6.370027E-1
6.968875E0	4.345512E0	6.368326E-1
6.985547E0	4.365004E0	6.527235E-1
7.002219E0	4.358181E0	6.565545E-1
7.018891E0	4.358917E0	6.554135E-1
7.035563E0	4.384941E0	6.656099E-1
7.052235E0	4.398897E0	6.736502E-1
7.068907E0	4.401572E0	6.617075E-1
7.085579E0	4.402664E0	6.572189E-1
7.102251E0	4.432176E0	6.878092E-1
7.118923E0	4.453730E0	6.959251E-1
7.135595E0	4.478763E0	6.550872E-1
7.152267E0	4.522736E0	6.656345E-1
7.168939E0	4.551917E0	6.998443E-1
7.185610E0	4.553155E0	6.544451E-1
7.202282E0	4.545156E0	6.506138E-1
7.218954E0	4.483802E0	6.929563E-1
7.235626E0	4.431685E0	7.440372E-1
7.252298E0	4.414142E0	7.862122E-1
7.268970E0	4.416968E0	7.692704E-1
7.285642E0	4.415623E0	7.636218E-1
7.302314E0	4.395875E0	8.166247E-1
7.318986E0	4.395171E0	8.222048E-1
7.335658E0	4.397745E0	7.862201E-1
7.352330E0	4.421535E0	7.609880E-1
7.369002E0	4.441877E0	7.932549E-1
7.385674E0	4.471979E0	7.919267E-1
7.402346E0	4.487406E0	7.623692E-1
7.419018E0	4.479464E0	7.387280E-1
7.435690E0	4.463332E0	7.401066E-1
7.452362E0	4.474153E0	7.329606E-1
7.469034E0	4.474911E0	7.370315E-1
7.485706E0	4.450126E0	7.027480E-1
7.502378E0	4.446239E0	6.476754E-1
7.519049E0	4.458571E0	5.460650E-1
7.535721E0	4.492705E0	5.199667E-1
7.552393E0	4.539202E0	5.438607E-1
7.569065E0	4.601315E0	5.661462E-1
7.585737E0	4.657817E0	5.605489E-1
7.602409E0	4.672079E0	5.569509E-1
7.619081E0	4.675350E0	5.794212E-1
7.635753E0	4.689118E0	5.872807E-1
7.652425E0	4.736614E0	5.789357E-1
7.669097E0	4.764746E0	6.014520E-1
7.685769E0	4.782115E0	6.261260E-1
7.702441E0	4.810659E0	6.345650E-1
7.719113E0	4.797689E0	6.318813E-1
7.735785E0	4.792940E0	6.236717E-1
7.752457E0	4.797502E0	6.155756E-1
7.769129E0	4.812139E0	6.267936E-1
7.785801E0	4.838987E0	6.725229E-1
7.802473E0	4.863692E0	6.941284E-1
7.819145E0	4.875326E0	6.930852E-1
7.835817E0	4.912468E0	7.007666E-1
7.852488E0	4.923471E0	7.129746E-1
7.869160E0	4.913268E0	7.094777E-1
7.885832E0	4.925103E0	7.108836E-1
7.902504E0	4.953521E0	7.251154E-1
7.919176E0	4.965407E0	7.189590E-1
7.935848E0	4.961140E0	7.197048E-1
7.952520E0	4.966524E0	7.263331E-1
7.969192E0	4.999163E0	7.584634E-1
7.985864E0	5.022191E0	7.242144E-1
8.002536E0	5.062379E0	7.156233E-1
8.019208E0	5.100334E0	7.688667E-1
8.035880E0	5.104686E0	7.676909E-1
8.052552E0	5.108677E0	7.407721E-1
8.069224E0	5.081795E0	7.781752E-1
8.085896E0	5.025516E0	8.333003E-1
8.102568E0	4.995487E0	9.043136E-1
8.119240E0	4.985766E0	9.387902E-1
8.135912E0	4.989635E0	9.198239E-1
8.152584E0	4.976069E0	9.498939E-1
8.169256E0	4.957554E0	1.001421E0
8.185927E0	4.972960E0	1.005871E0
8.202599E0	4.993025E0	9.734178E-1
8.219271E0	5.014097E0	9.824955E-1
8.235943E0	5.038852E0	9.977418E-1
8.252615E0	5.069566E0	9.776734E-1
8.269287E0	5.070406E0	9.408347E-1
8.285959E0	5.049893E0	9.216867E-1
8.302631E0	5.046321E0	9.243357E-1
8.319303E0	5.061583E0	9.287342E-1
8.335975E0	5.054001E0	9.262125E-1
8.352647E0	5.031253E0	8.903844E-1
8.369319E0	5.016837E0	8.035316E-1
8.385991E0	5.046988E0	7.183870E-1
8.402663E0	5.093006E0	7.031759E-1
8.419335E0	5.144020E0	7.246679E-1
8.436007E0	5.210509E0	7.360757E-1
8.452679E0	5.252097E0	7.235248E-1
8.469351E0	5.254213E0	7.215483E-1
8.486023E0	5.253931E0	7.482144E-1
8.502695E0	5.289133E0	7.500055E-1
8.519366E0	5.333423E0	7.529801E-1
8.536038E0	5.342486E0	7.755315E-1
8.552710E0	5.358005E0	7.772516E-1
8.569382E0	5.372213E0	7.852673E-1
8.586054E0	5.374731E0	7.835942E-1
8.602726E0	5.372329E0	7.711857E-1
8.619398E0	5.376255E0	7.574352E-1
8.636070E0	5.392939E0	7.848108E-1
8.652742E0	5.417640E0	8.375293E-1
8.669414E0	5.442286E0	8.348285E-1
8.686086E0	5.460870E0	8.303649E-1
8.702758E0	5.489587E0	8.472993E-1
8.719430E0	5.490304E0	8.547501E-1
8.736102E0	5.484148E0	8.472800E-1
8.752774E0	5.503840E0	8.549351E-1
8.769446E0	5.528333E0	8.685040E-1
8.786118E0	5.531077E0	8.596190E-1
8.802790E0	5.535051E0	8.530843E-1
8.819462E0	5.550509E0	8.755579E-1
8.836134E0	5.577823E0	9.017473E-1
8.852805E0	5.608531E0	8.548304E-1
8.869477E0	5.655972E0	8.535644E-1
8.886149E0	5.693221E0	8.842046E-1
8.902821E0	5.690262E0	8.559887E-1
8.919493E0	5.685474E0	8.366892E-1
8.936165E0	5.644230E0	8.719175E-1
8.952837E0	5.587573E0	9.293982E-1
8.969509E0	5.569620E0	9.747451E-1
8.986181E0	5.566831E0	9.562107E-1
9.002853E0	5.572549E0	9.226955E-1
9.019525E0	5.556049E0	9.723438E-1
9.036197E0	5.543604E0	9.875823E-1
9.052869E0	5.542399E0	9.634212E-1
9.069541E0	5.560979E0	9.169691E-1
9.086213E0	5.579670E0	9.315592E-1
9.102885E0	5.608344E0	9.357534E-1
9.119557E0	5.631606E0	9.054875E-1
9.136229E0	5.612543E0	8.783182E-1
9.152901E0	5.607045E0	8.845623E-1
9.169573E0	5.609410E0	8.915173E-1
9.186245E0	5.615177E0	9.018439E-1
9.202916E0	5.607291E0	8.884867E-1
9.219588E0	5.576972E0	8.357423E-1
9.236260E0	5.575593E0	7.353344E-1
9.252932E0	5.615882E0	6.646047E-1
9.269604E0	5.657474E0	6.778729E-1
9.286276E0	5.703231E0	6.987494E-1
9.302948E0	5.776015E0	6.935040E-1
9.319620E0	5.807885E0	6.823921E-1
9.336292E0	5.813811E0	6.906698E-1
9.352964E0	5.820324E0	7.214529E-1
9.369636E0	5.858875E0	7.187682E-1
9.386308E0	5.895000E0	7.281425E-1
9.402980E0	5.899503E0	7.456566E-1
9.419652E0	5.928945E0	7.514021E-1
9.436324E0	5.933399E0	7.565847E-1
9.452996E0	5.933238E0	7.562273E-1
9.469668E0	5.929161E0	7.452366E-1
9.486340E0	5.935518E0	7.347147E-1
9.503012E0	5.967265E0	7.798118E-1
9.519684E0	5.988861E0	8.261760E-1
9.536355E0	6.008216E0	8.151007E-1
9.553027E0	6.044235E0	8.131410E-1
9.569699E0	6.055679E0	8.246281E-1
9.586371E0	6.047393E0	8.270661E-1
9.603043E0	6.054042E0	8.246029E-1
9.619715E0	6.086965E0	8.340882E-1
9.636387E0	6.094219E0	8.346290E-1
9.653059E0	6.092510E0	8.156172E-1
9.669731E0	6.099028E0	8.177939E-1
9.686403E0	6.130810E0	8.515274E-1
9.703075E0	6.141924E0	8.576899E-1
9.719747E0	6.168963E0	8.270347E-1
9.736419E0	6.219126E0	8.379974E-1
9.753091E0	6.243435E0	8.497633E-1
9.769763E0	6.246752E0	7.955764E-1
9.786435E0	6.220988E0	7.921947E-1
9.803107E0	6.163608E0	8.455261E-1
9.819779E0	6.115675E0	8.920970E-1
9.836451E0	6.098623E0	9.317150E-1
9.853123E0	6.093658E0	9.045038E-1
9.869794E0	6.095407E0	8.959875E-1
9.886466E0	6.074107E0	9.528474E-1
9.903138E0	6.073018E0	9.637351E-1
9.919810E0	6.086181E0	9.341240E-1
9.936482E0	6.117615E0	8.993077E-1
9.953154E0	6.130912E0	9.275189E-1
9.969826E0	6.162122E0	9.156304E-1
9.986498E0	6.165444E0	8.840777E-1
1.000317E1	6.150466E0	8.642208E-1
1.001984E1	6.144036E0	8.720601E-1
1.003651E1	6.160605E0	8.734511E-1
1.005319E1	6.157406E0	8.847298E-1
1.006986E1	6.144182E0	8.723102E-1
1.008653E1	6.114699E0	8.075218E-1
1.010320E1	6.130904E0	7.103673E-1
1.011987E1	6.173221E0	6.757069E-1
1.013655E1	6.212872E0	6.890176E-1
1.015322E1	6.264392E0	7.005127E-1
1.016989E1	6.332511E0	7.007236E-1
1.018656E1	6.350007E0	6.959769E-1
1.020323E1	6.356453E0	7.061462E-1
1.021991E1	6.366458E0	7.242726E-1
1.023658E1	6.402201E0	7.091154E-1
1.025325E1	6.431633E0	7.218602E-1
1.026992E1	6.446154E0	7.372578E-1
1.028659E1	6.461144E0	7.400678E-1
1.030327E1	6.460486E0	7.447536E-1
1.031994E1	6.457643E0	7.424942E-1
1.033661E1	6.449762E0	7.305490E-1
1.035328E1	6.454918E0	7.321611E-1
1.036995E1	6.484729E0	7.763131E-1
1.038662E1	6.504929E0	8.070601E-1
1.040330E1	6.529290E0	7.936246E-1
1.041997E1	6.566615E0	7.928679E-1
1.043664E1	6.575998E0	8.055831E-1
1.045331E1	6.567216E0	8.067314E-1
1.046998E1	6.579684E0	8.045769E-1
1.048666E1	6.606137E0	8.130850E-1
1.050333E1	6.614815E0	8.060411E-1
1.052000E1	6.616806E0	7.903020E-1
1.053667E1	6.621801E0	7.920378E-1
1.055334E1	6.652399E0	8.262282E-1
1.057002E1	6.665217E0	8.203519E-1
1.058669E1	6.696701E0	7.945436E-1
1.060336E1	6.751267E0	8.263689E-1
1.062003E1	6.764868E0	8.310551E-1
1.063670E1	6.767469E0	7.834895E-1
1.065338E1	6.737015E0	7.966372E-1
1.067005E1	6.692419E0	8.568414E-1
1.068672E1	6.645931E0	9.215697E-1
1.070339E1	6.629631E0	9.606933E-1
1.072006E1	6.635098E0	9.407477E-1
1.073674E1	6.630980E0	9.593283E-1
1.075341E1	6.606201E0	1.010375E0
1.077008E1	6.613589E0	1.011522E0
1.078675E1	6.628436E0	9.735414E-1
1.080342E1	6.653764E0	9.490287E-1
1.082010E1	6.679205E0	9.706794E-1
1.083677E1	6.704165E0	9.610081E-1
1.085344E1	6.708021E0	9.282507E-1
1.087011E1	6.695631E0	9.131638E-1
1.088678E1	6.687894E0	9.217262E-1
1.090346E1	6.698214E0	9.251564E-1
1.092013E1	6.690084E0	9.341886E-1
1.093680E1	6.675092E0	9.116149E-1
1.095347E1	6.662703E0	8.450759E-1
1.097014E1	6.689731E0	7.579957E-1
1.098682E1	6.722287E0	7.508521E-1
1.100349E1	6.757931E0	7.663114E-1
1.102016E1	6.823072E0	7.737638E-1
1.103683E1	6.886316E0	7.720988E-1
1.105350E1	6.906695E0	7.672892E-1
1.107017E1	6.909662E0	7.731948E-1
1.108685E1	6.916303E0	7.735125E-1
1.110352E1	6.950097E0	7.614957E-1
1.112019E1	6.974235E0	7.770785E-1
1.113686E1	6.988086E0	8.000433E-1
1.115353E1	7.006740E0	7.963037E-1
1.117021E1	7.009731E0	8.010302E-1
1.118688E1	7.003775E0	8.041468E-1
1.120355E1	6.995885E0	7.862552E-1
1.122022E1	7.007872E0	8.018436E-1
1.123689E1	7.032265E0	8.587991E-1
1.125357E1	7.058391E0	8.703486E-1
1.127024E1	7.078024E0	8.491430E-1
1.128691E1	7.102897E0	8.558782E-1
1.130358E1	7.115697E0	8.686555E-1
1.132025E1	7.107620E0	8.699135E-1
1.133693E1	7.124566E0	8.771858E-1
1.135360E1	7.147121E0	8.822352E-1
1.137027E1	7.161501E0	8.712539E-1
1.138694E1	7.168244E0	8.553746E-1
1.140361E1	7.186808E0	8.671054E-1
1.142029E1	7.215519E0	9.043881E-1
1.143696E1	7.229297E0	8.874744E-1
1.145363E1	7.263308E0	8.712491E-1
1.147030E1	7.319189E0	9.086205E-1
1.148697E1	7.315920E0	9.064043E-1
1.150365E1	7.307158E0	8.770074E-1
1.152032E1	7.289736E0	9.030089E-1
1.153699E1	7.237978E0	9.551864E-1
1.155366E1	7.191667E0	1.029778E0
1.157033E1	7.178479E0	1.071978E0
1.158701E1	7.182429E0	1.041386E0
1.160368E1	7.183823E0	1.072457E0
1.162035E1	7.160656E0	1.098357E0
1.163702E1	7.164691E0	1.091320E0
1.165369E1	7.179721E0	1.032199E0
1.167037E1	7.205420E0	1.018065E0
1.168704E1	7.231196E0	1.035958E0
1.170371E1	7.250977E0	1.015148E0
1.172038E1	7.244557E0	9.828039E-1
1.173705E1	7.241622E0	9.687204E-1
1.175372E1	7.237113E0	9.697066E-1
1.177040E1	7.244386E0	9.728427E-1
1.178707E1	7.234069E0	9.730902E-1
1.180374E1	7.212076E0	9.323321E-1
1.182041E1	7.189418E0	8.510604E-1
1.183708E1	7.213438E0	7.766766E-1
1.185376E1	7.254967E0	7.797540E-1
1.187043E1	7.297127E0	7.907524E-1
1.188710E1	7.366974E0	7.894627E-1
1.190377E1	7.414395E0	7.846146E-1
1.192044E1	7.421070E0	7.780248E-1
1.193712E1	7.419319E0	7.916578E-1
1.195379E1	7.433484E0	7.932684E-1
1.197046E1	7.465235E0	7.855207E-1
1.198713E1	7.494370E0	8.096691E-1
1.200380E1	7.497606E0	8.122987E-1
1.202048E1	7.514299E0	8.180334E-1
1.203715E1	7.511147E0	8.158563E-1
1.205382E1	7.503975E0	8.145836E-1
1.207049E1	7.499938E0	7.983867E-1
1.208716E1	7.516964E0	8.155105E-1
1.210384E1	7.550444E0	8.794487E-1
1.212051E1	7.573726E0	8.901423E-1
1.213718E1	7.592370E0	8.662409E-1
1.215385E1	7.622985E0	8.752577E-1
1.217052E1	7.628509E0	8.924888E-1
1.218720E1	7.621828E0	8.940184E-1
1.220387E1	7.643711E0	8.964068E-1
1.222054E1	7.661312E0	9.004056E-1
1.223721E1	7.670840E0	8.892394E-1
1.225388E1	7.676560E0	8.721859E-1
1.227056E1	7.689515E0	8.888097E-1
1.228723E1	7.718219E0	9.182606E-1
1.230390E1	7.730815E0	8.903722E-1
1.232057E1	7.767598E0	8.827411E-1
1.233724E1	7.811898E0	9.128268E-1
1.235392E1	7.807094E0	8.809725E-1
1.237059E1	7.805570E0	8.588614E-1
1.238726E1	7.770312E0	8.936409E-1
1.240393E1	7.700348E0	9.492461E-1
1.242060E1	7.671920E0	1.018202E0
1.243727E1	7.664631E0	1.040517E0
1.245395E1	7.675159E0	1.011434E0
1.247062E1	7.663661E0	1.056333E0
1.248729E1	7.650069E0	1.082981E0
1.250396E1	7.661851E0	1.076730E0
1.252063E1	7.680939E0	1.025370E0
1.253731E1	7.703120E0	1.028860E0
1.255398E1	7.728135E0	1.033548E0
1.257065E1	7.752276E0	1.013132E0
1.258732E1	7.741197E0	9.831176E-1
1.260399E1	7.736109E0	9.703460E-1
1.262067E1	7.739000E0	9.781864E-1
1.263734E1	7.727172E0	9.778291E-1
1.265401E1	7.707429E0	9.336657E-1
1.267068E1	7.692430E0	8.504120E-1
1.268735E1	7.722532E0	7.830818E-1
1.270403E1	7.768902E0	7.881373E-1
1.272070E1	7.814394E0	7.923752E-1
1.273737E1	7.886134E0	7.903137E-1
1.275404E1	7.927090E0	7.845497E-1
1.277071E1	7.928769E0	7.821942E-1
1.278739E1	7.930473E0	7.945710E-1
1.280406E1	7.943715E0	7.932024E-1
1.282073E1	7.991405E0	7.993465E-1
1.283740E1	8.004548E0	8.216699E-1
1.285407E1	8.008210E0	8.213187E-1
1.287075E1	8.015884E0	8.195293E-1
1.288742E1	8.022631E0	8.236900E-1
1.290409E1	8.023060E0	8.196568E-1
1.292076E1	8.018361E0	7.910593E-1
1.293743E1	8.038787E0	8.216625E-1
1.295411E1	8.072420E0	8.980855E-1
1.297078E1	8.086350E0	8.993300E-1
1.298745E1	8.118525E0	8.692914E-1
1.300412E1	8.138936E0	8.772610E-1
1.302079E1	8.128940E0	8.924395E-1
1.303746E1	8.130227E0	8.920631E-1
1.305414E1	8.158795E0	8.897340E-1
1.307081E1	8.166567E0	8.951101E-1
1.308748E1	8.178689E0	8.803180E-1
1.310415E1	8.192665E0	8.768286E-1
1.312082E1	8.211189E0	9.016081E-1
1.313750E1	8.221778E0	9.160251E-1
1.315417E1	8.247633E0	8.796294E-1
1.317084E1	8.290260E0	8.865921E-1
1.318751E1	8.309791E0	9.077971E-1
1.320418E1	8.304471E0	8.690909E-1
1.322086E1	8.305813E0	8.700826E-1
1.323753E1	8.266691E0	9.163827E-1
1.325420E1	8.217846E0	9.867307E-1
1.327087E1	8.187342E0	1.047760E0
1.328754E1	8.190481E0	1.036532E0
1.330422E1	8.191213E0	1.033377E0
1.332089E1	8.182964E0	1.081185E0
1.333756E1	8.181814E0	1.099439E0
1.335423E1	8.185775E0	1.079014E0
1.337090E1	8.207471E0	1.024669E0
1.338758E1	8.233525E0	1.043959E0
1.340425E1	8.260221E0	1.047996E0
1.342092E1	8.274569E0	1.021505E0
1.343759E1	8.260976E0	9.993054E-1
1.345426E1	8.244596E0	9.961383E-1
1.347094E1	8.248179E0	9.885107E-1
1.348761E1	8.262090E0	1.001408E0
1.350428E1	8.240735E0	9.886128E-1
1.352095E1	8.223610E0	9.388429E-1
1.353762E1	8.212240E0	8.449796E-1
1.355430E1	8.248536E0	7.935461E-1
1.357097E1	8.296364E0	8.055595E-1
1.358764E1	8.338843E0	8.062912E-1
1.360431E1	8.410442E0	7.949349E-1
1.362098E1	8.442971E0	7.894418E-1
1.363766E1	8.443112E0	7.875985E-1
1.365433E1	8.444787E0	7.998116E-1
1.367100E1	8.481863E0	7.945829E-1
1.368767E1	8.525569E0	8.096973E-1
1.370434E1	8.532448E0	8.277245E-1
1.372101E1	8.538775E0	8.320748E-1
1.373769E1	8.549405E0	8.401008E-1
1.375436E1	8.549096E0	8.373292E-1
1.377103E1	8.545810E0	8.174579E-1
1.378770E1	8.550592E0	7.972447E-1
1.380437E1	8.585874E0	8.439019E-1
1.382105E1	8.627335E0	9.028377E-1
1.383772E1	8.633276E0	8.914122E-1
1.385439E1	8.655934E0	8.782461E-1
1.387106E1	8.671509E0	8.861160E-1
1.388773E1	8.654760E0	8.964428E-1
1.390441E1	8.672505E0	9.062316E-1
1.392108E1	8.695815E0	9.142623E-1
1.393775E1	8.703352E0	9.097090E-1
1.395442E1	8.700570E0	8.907376E-1
1.397109E1	8.711137E0	8.927000E-1
1.398777E1	8.740050E0	9.361362E-1
1.400444E1	8.761245E0	9.358741E-1
1.402111E1	8.782221E0	9.011668E-1
1.403778E1	8.839645E0	9.299644E-1
1.405445E1	8.847441E0	9.381916E-1
1.407113E1	8.841983E0	9.091784E-1
1.408780E1	8.827104E0	9.215750E-1
1.410447E1	8.790499E0	9.672046E-1
1.412114E1	8.744028E0	1.045275E0
1.413781E1	8.712676E0	1.097239E0
1.415449E1	8.721532E0	1.070988E0
1.417116E1	8.722539E0	1.082071E0
1.418783E1	8.706135E0	1.114756E0
1.420450E1	8.697420E0	1.121613E0
1.422117E1	8.706186E0	1.072104E0
1.423785E1	8.733058E0	1.034813E0
1.425452E1	8.761910E0	1.065515E0
1.427119E1	8.784981E0	1.052060E0
1.428786E1	8.786940E0	1.025984E0
1.430453E1	8.767718E0	1.011668E0
1.432121E1	8.753172E0	1.012869E0
1.433788E1	8.763077E0	1.013158E0
1.435455E1	8.758590E0	1.022568E0
1.437122E1	8.740386E0	9.958125E-1
1.438789E1	8.721653E0	9.326039E-1
1.440456E1	8.725762E0	8.403394E-1
1.442124E1	8.778426E0	8.270210E-1
1.443791E1	8.816441E0	8.396061E-1
1.445458E1	8.872192E0	8.358714E-1
1.447125E1	8.938099E0	8.306047E-1
1.448792E1	8.950010E0	8.233140E-1
1.450460E1	8.950619E0	8.282826E-1
1.452127E1	8.958961E0	8.382500E-1
1.453794E1	8.999419E0	8.389603E-1
1.455461E1	9.042737E0	8.703348E-1
1.457128E1	9.048343E0	8.804405E-1
1.458796E1	9.061906E0	8.843391E-1
1.460463E1	9.077502E0	9.002562E-1
1.462130E1	9.069316E0	9.025125E-1
1.463797E1	9.057159E0	8.790991E-1
1.465464E1	9.072826E0	8.747329E-1
1.467132E1	9.112682E0	9.255015E-1
1.468799E1	9.145365E0	9.526247E-1
1.470466E1	9.151511E0	9.377611E-1
1.472133E1	9.174156E0	9.334473E-1
1.473800E1	9.177626E0	9.532199E-1
1.475468E1	9.173554E0	9.559011E-1
1.477135E1	9.198041E0	9.638604E-1
1.478802E1	9.211901E0	9.664981E-1
1.480469E1	9.212553E0	9.563352E-1
1.482136E1	9.210442E0	9.476229E-1
1.483804E1	9.230833E0	9.607374E-1
1.485471E1	9.254385E0	1.001421E0
1.487138E1	9.268277E0	9.694612E-1
1.488805E1	9.310457E0	9.597395E-1
1.490472E1	9.357892E0	1.020176E0
1.492140E1	9.355260E0	1.011000E0
1.493807E1	9.361966E0	9.823720E-1
1.495474E1	9.344316E0	1.037881E0
1.497141E1	9.291280E0	1.111243E0
1.498808E1	9.244825E0	1.199082E0
1.500476E1	9.239020E0	1.262229E0
1.502143E1	9.247402E0	1.247480E0
1.503810E1	9.245456E0	1.286107E0
1.505477E1	9.238630E0	1.316806E0
1.507144E1	9.242114E0	1.316353E0
1.508811E1	9.247663E0	1.243802E0
1.510479E1	9.278732E0	1.243245E0
1.512146E1	9.304971E0	1.257871E0
1.513813E1	9.322466E0	1.241301E0
1.515480E1	9.319941E0	1.217079E0
1.517147E1	9.311739E0	1.210919E0
1.518815E1	9.299292E0	1.213894E0
1.520482E1	9.312329E0	1.219660E0
1.522149E1	9.301427E0	1.219930E0
1.523816E1	9.286223E0	1.183440E0
1.525483E1	9.272052E0	1.106630E0
1.527151E1	9.307693E0	1.059505E0
1.528818E1	9.347496E0	1.069111E0
1.530485E1	9.389083E0	1.065409E0
1.532152E1	9.466017E0	1.068362E0
1.533819E1	9.516875E0	1.076004E0
1.535487E1	9.530992E0	1.077606E0
1.537154E1	9.527919E0	1.096537E0
1.538821E1	9.545592E0	1.094545E0
1.540488E1	9.580129E0	1.097404E0
1.542155E1	9.618883E0	1.136414E0
1.543823E1	9.628162E0	1.147704E0
1.545490E1	9.629798E0	1.132491E0
1.547157E1	9.644917E0	1.147898E0
1.548824E1	9.633387E0	1.162827E0
1.550491E1	9.635312E0	1.147859E0
1.552159E1	9.652517E0	1.150057E0
1.553826E1	9.688652E0	1.201201E0
1.555493E1	9.702724E0	1.209065E0
1.557160E1	9.728094E0	1.197019E0
1.558827E1	9.747227E0	1.201936E0
1.560495E1	9.743430E0	1.210642E0
1.562162E1	9.739126E0	1.212792E0
1.563829E1	9.767852E0	1.220343E0
1.565496E1	9.777988E0	1.225595E0
1.567163E1	9.785393E0	1.207398E0
1.568831E1	9.792962E0	1.206588E0
1.570498E1	9.814111E0	1.236841E0
1.572165E1	9.834186E0	1.254027E0
1.573832E1	9.848315E0	1.210824E0
1.575499E1	9.894639E0	1.213284E0
1.577166E1	9.923747E0	1.246907E0
1.578834E1	9.917802E0	1.209351E0
1.580501E1	9.918221E0	1.208562E0
1.582168E1	9.882373E0	1.259632E0
1.583835E1	9.816327E0	1.331196E0
1.585502E1	9.791705E0	1.404025E0
1.587170E1	9.788673E0	1.407974E0
1.588837E1	9.805861E0	1.397366E0
1.590504E1	9.785250E0	1.443063E0
1.592171E1	9.767556E0	1.451277E0
1.593838E1	9.788707E0	1.441032E0
1.595506E1	9.810912E0	1.392779E0
1.597173E1	9.832083E0	1.406985E0
1.598840E1	9.850534E0	1.404738E0
1.600507E1	9.854836E0	1.369030E0
1.602174E1	9.843574E0	1.333435E0
1.603842E1	9.830147E0	1.334031E0
1.605509E1	9.821574E0	1.334415E0
1.607176E1	9.842242E0	1.339906E0
1.608843E1	9.831591E0	1.333630E0
1.610510E1	9.813679E0	1.290893E0
1.612178E1	9.809294E0	1.209299E0
1.613845E1	9.855758E0	1.176413E0
1.615512E1	9.912143E0	1.196002E0
1.617179E1	9.959975E0	1.191897E0
1.618846E1	1.003375E1	1.196862E0
1.620514E1	1.008011E1	1.205537E0
1.622181E1	1.008108E1	1.209171E0
1.623848E1	1.008008E1	1.224294E0
1.625515E1	1.009566E1	1.216007E0
1.627182E1	1.014342E1	1.229646E0
1.628850E1	1.017051E1	1.271892E0
1.630517E1	1.017864E1	1.259675E0
1.632184E1	1.019046E1	1.246974E0
1.633851E1	1.018579E1	1.269052E0
1.635518E1	1.016537E1	1.274304E0
1.637185E1	1.017350E1	1.268928E0
1.638853E1	1.020047E1	1.291955E0
1.640520E1	1.023599E1	1.332218E0
1.642187E1	1.024888E1	1.326256E0
1.643854E1	1.027442E1	1.325818E0
1.645521E1	1.028434E1	1.332125E0
1.647189E1	1.027689E1	1.336713E0
1.648856E1	1.028173E1	1.341004E0
1.650523E1	1.031559E1	1.353889E0
1.652190E1	1.032371E1	1.345581E0
1.653857E1	1.032085E1	1.331678E0
1.655525E1	1.032529E1	1.334697E0
1.657192E1	1.035590E1	1.374075E0
1.658859E1	1.037141E1	1.372757E0
1.660526E1	1.039793E1	1.331630E0
1.662193E1	1.044672E1	1.367027E0
1.663861E1	1.044834E1	1.377605E0
1.665528E1	1.044125E1	1.335995E0
1.667195E1	1.043965E1	1.360027E0
1.668862E1	1.040445E1	1.412641E0
1.670529E1	1.035741E1	1.487339E0
1.672197E1	1.032564E1	1.546789E0
1.673864E1	1.034030E1	1.531354E0
1.675531E1	1.034582E1	1.535920E0
1.677198E1	1.031754E1	1.578211E0
1.678865E1	1.031420E1	1.582253E0
1.680533E1	1.032894E1	1.551888E0
1.682200E1	1.035308E1	1.518018E0
1.683867E1	1.037013E1	1.537432E0
1.685534E1	1.039922E1	1.526966E0
1.687201E1	1.039716E1	1.495430E0
1.688869E1	1.037986E1	1.460689E0
1.690536E1	1.035723E1	1.462288E0
1.692203E1	1.035761E1	1.462153E0
1.693870E1	1.037865E1	1.478066E0
1.695537E1	1.036667E1	1.454136E0
1.697205E1	1.035413E1	1.404457E0
1.698872E1	1.033901E1	1.312528E0
1.700539E1	1.039114E1	1.297436E0
1.702206E1	1.045056E1	1.314453E0
1.703873E1	1.050690E1	1.309114E0
1.705540E1	1.057684E1	1.313536E0
1.707208E1	1.060476E1	1.316654E0
1.708875E1	1.059724E1	1.318505E0
1.710542E1	1.059776E1	1.329240E0
1.712209E1	1.062938E1	1.320631E0
1.713876E1	1.067057E1	1.346427E0
1.715544E1	1.068556E1	1.363422E0
1.717211E1	1.069512E1	1.358426E0
1.718878E1	1.070957E1	1.357995E0
1.720545E1	1.069986E1	1.365370E0
1.722212E1	1.069378E1	1.360290E0
1.723880E1	1.070330E1	1.355176E0
1.725547E1	1.073301E1	1.402672E0
1.727214E1	1.076384E1	1.431936E0
1.728881E1	1.077210E1	1.415915E0
1.730548E1	1.080116E1	1.414721E0
1.732216E1	1.080232E1	1.428197E0
1.733883E1	1.079930E1	1.431738E0
1.735550E1	1.081483E1	1.443884E0
1.737217E1	1.084206E1	1.451774E0
1.738884E1	1.084151E1	1.441637E0
1.740552E1	1.084243E1	1.424114E0
1.742219E1	1.085347E1	1.434523E0
1.743886E1	1.088176E1	1.475063E0
1.745553E1	1.089310E1	1.457477E0
1.747220E1	1.092487E1	1.424750E0
1.748888E1	1.096398E1	1.467387E0
1.750555E1	1.096164E1	1.463589E0
1.752222E1	1.096414E1	1.422442E0
1.753889E1	1.095822E1	1.473580E0
1.755556E1	1.091299E1	1.542593E0
1.757224E1	1.085983E1	1.622673E0
1.758891E1	1.084331E1	1.672733E0
1.760558E1	1.086401E1	1.659434E0
1.762225E1	1.086932E1	1.679461E0
1.763892E1	1.084173E1	1.718441E0
1.765560E1	1.084043E1	1.718907E0
1.767227E1	1.086455E1	1.669530E0
1.768894E1	1.088289E1	1.635892E0
1.770561E1	1.088732E1	1.646833E0
1.772228E1	1.090695E1	1.621866E0
1.773895E1	1.090056E1	1.584320E0
1.775563E1	1.089007E1	1.576693E0
1.777230E1	1.087182E1	1.595536E0
1.778897E1	1.088747E1	1.615927E0
1.780564E1	1.089373E1	1.627633E0
1.782231E1	1.089609E1	1.614947E0
1.783899E1	1.087199E1	1.549889E0
1.785566E1	1.087109E1	1.462285E0
1.787233E1	1.092240E1	1.442701E0
1.788900E1	1.098635E1	1.462450E0
1.790567E1	1.104176E1	1.456513E0
1.792235E1	1.111269E1	1.462189E0
1.793902E1	1.112505E1	1.466635E0
1.795569E1	1.111596E1	1.467559E0
1.797236E1	1.111809E1	1.462031E0
1.798903E1	1.115700E1	1.465218E0
1.800571E1	1.119347E1	1.506959E0
1.802238E1	1.119960E1	1.502890E0
1.803905E1	1.120326E1	1.483341E0
1.805572E1	1.120268E1	1.490955E0
1.807239E1	1.120081E1	1.489462E0
1.808907E1	1.119717E1	1.472113E0
1.810574E1	1.120248E1	1.476110E0
1.812241E1	1.124117E1	1.537387E0
1.813908E1	1.126822E1	1.560162E0
1.815575E1	1.127914E1	1.539566E0
1.817243E1	1.131040E1	1.540268E0
1.818910E1	1.130921E1	1.555339E0
1.820577E1	1.130824E1	1.564742E0
1.822244E1	1.132921E1	1.568057E0
1.823911E1	1.134847E1	1.574158E0
1.825579E1	1.135795E1	1.559328E0
1.827246E1	1.135405E1	1.551254E0
1.828913E1	1.137140E1	1.560033E0
1.830580E1	1.139515E1	1.598206E0
1.832247E1	1.140348E1	1.563356E0
1.833915E1	1.144170E1	1.543604E0
1.835582E1	1.147825E1	1.586829E0
1.837249E1	1.147423E1	1.560090E0
1.838916E1	1.146574E1	1.535332E0
1.840583E1	1.144314E1	1.568124E0
1.842250E1	1.138995E1	1.628282E0
1.843918E1	1.134622E1	1.704504E0
1.845585E1	1.133233E1	1.727231E0
1.847252E1	1.134482E1	1.692497E0
1.848919E1	1.134761E1	1.721692E0
1.850586E1	1.132444E1	1.746074E0
1.852254E1	1.133317E1	1.743712E0
1.853921E1	1.134580E1	1.674983E0
1.855588E1	1.136698E1	1.663401E0
1.857255E1	1.137985E1	1.668876E0
1.858922E1	1.140241E1	1.640802E0
1.860590E1	1.139319E1	1.614140E0
1.862257E1	1.139014E1	1.603680E0
1.863924E1	1.136753E1	1.611045E0
1.865591E1	1.139096E1	1.625298E0
1.867258E1	1.139221E1	1.633583E0
1.868926E1	1.138873E1	1.605322E0
1.870593E1	1.135647E1	1.534211E0
1.872260E1	1.136093E1	1.447042E0
1.873927E1	1.141687E1	1.435648E0
1.875594E1	1.147312E1	1.447251E0
1.877262E1	1.152794E1	1.433165E0
1.878929E1	1.159500E1	1.429808E0
1.880596E1	1.159824E1	1.426726E0
1.882263E1	1.158970E1	1.427911E0
1.883930E1	1.160008E1	1.422909E0
1.885598E1	1.164350E1	1.430087E0
1.887265E1	1.167699E1	1.472026E0
1.888932E1	1.167976E1	1.469864E0
1.890599E1	1.169761E1	1.463538E0
1.892266E1	1.169644E1	1.470945E0
1.893934E1	1.168741E1	1.472983E0
1.895601E1	1.169340E1	1.456254E0
1.897268E1	1.169919E1	1.459911E0
1.898935E1	1.173500E1	1.511041E0
1.900602E1	1.175571E1	1.527471E0
1.902270E1	1.176489E1	1.520212E0
1.903937E1	1.179106E1	1.518937E0
1.905604E1	1.179544E1	1.522590E0
1.907271E1	1.179294E1	1.531788E0
1.908938E1	1.180803E1	1.542666E0
1.910605E1	1.183398E1	1.544296E0
1.912273E1	1.183543E1	1.527056E0
1.913940E1	1.183309E1	1.520889E0
1.915607E1	1.184766E1	1.540731E0
1.917274E1	1.187381E1	1.576974E0
1.918941E1	1.188167E1	1.538265E0
1.920609E1	1.191696E1	1.520782E0
1.922276E1	1.195555E1	1.555378E0
1.923943E1	1.194744E1	1.522116E0
1.925610E1	1.194711E1	1.498239E0
1.927277E1	1.192066E1	1.534323E0
1.928945E1	1.186443E1	1.598028E0
1.930612E1	1.182557E1	1.667987E0
1.932279E1	1.182192E1	1.700490E0
1.933946E1	1.183824E1	1.664388E0
1.935613E1	1.183082E1	1.696679E0
1.937281E1	1.181164E1	1.712334E0
1.938948E1	1.181145E1	1.712114E0
1.940615E1	1.182826E1	1.640206E0
1.942282E1	1.185607E1	1.631348E0
1.943949E1	1.186424E1	1.637570E0
1.945617E1	1.187506E1	1.613452E0
1.947284E1	1.187184E1	1.586865E0
1.948951E1	1.186406E1	1.577216E0
1.950618E1	1.183690E1	1.581856E0
1.952285E1	1.186298E1	1.598291E0
1.953953E1	1.187056E1	1.605246E0
1.955620E1	1.185630E1	1.574443E0
1.957287E1	1.182746E1	1.502814E0
1.958954E1	1.184397E1	1.425849E0
1.960621E1	1.190777E1	1.436100E0
1.962289E1	1.195419E1	1.439853E0
1.963956E1	1.201618E1	1.433526E0
1.965623E1	1.207035E1	1.441246E0
1.967290E1	1.207799E1	1.439519E0
1.968957E1	1.207257E1	1.439348E0
1.970625E1	1.208327E1	1.436007E0
1.972292E1	1.213531E1	1.449448E0
1.973959E1	1.216549E1	1.493125E0
1.975626E1	1.218192E1	1.489234E0
1.977293E1	1.218033E1	1.477823E0
1.978960E1	1.218794E1	1.491825E0
1.980628E1	1.218315E1	1.500577E0
1.982295E1	1.218545E1	1.490899E0
1.983962E1	1.219352E1	1.494575E0
1.985629E1	1.223327E1	1.549444E0
1.987296E1	1.224394E1	1.562876E0
1.988964E1	1.226944E1	1.551075E0
1.990631E1	1.228565E1	1.556981E0
1.992298E1	1.228688E1	1.563229E0
1.993965E1	1.228234E1	1.563732E0
1.995632E1	1.230894E1	1.577044E0
1.997300E1	1.232304E1	1.582677E0
1.998967E1	1.232692E1	1.564538E0
2.000634E1	1.233530E1	1.556784E0
2.002301E1	1.234806E1	1.579033E0
2.003968E1	1.237373E1	1.611470E0
2.005636E1	1.238234E1	1.569194E0
2.007303E1	1.242824E1	1.559000E0
2.008970E1	1.245412E1	1.605291E0
2.010637E1	1.244973E1	1.569679E0
2.012304E1	1.245742E1	1.543431E0
2.013972E1	1.244403E1	1.596278E0
2.015639E1	1.238254E1	1.661381E0
2.017306E1	1.233021E1	1.728133E0
2.018973E1	1.232743E1	1.763940E0
2.020640E1	1.235267E1	1.751214E0
2.022308E1	1.233602E1	1.778330E0
2.023975E1	1.231666E1	1.801063E0
2.025642E1	1.232863E1	1.793592E0
2.027309E1	1.234596E1	1.721767E0
2.028976E1	1.236558E1	1.720138E0
2.030644E1	1.236604E1	1.721326E0
2.032311E1	1.237528E1	1.696804E0
2.033978E1	1.237471E1	1.673348E0
2.035645E1	1.237343E1	1.671705E0
2.037312E1	1.234319E1	1.683358E0
2.038979E1	1.236609E1	1.695305E0
2.040647E1	1.236780E1	1.703412E0
2.042314E1	1.236778E1	1.673509E0
2.043981E1	1.234885E1	1.599103E0
2.045648E1	1.236683E1	1.529804E0
2.047315E1	1.242874E1	1.539798E0
2.048983E1	1.247293E1	1.534140E0
2.050650E1	1.253024E1	1.525487E0
2.052317E1	1.258589E1	1.531424E0
2.053984E1	1.259471E1	1.527753E0
2.055651E1	1.258735E1	1.529840E0
2.057319E1	1.260033E1	1.522666E0
2.058986E1	1.264847E1	1.541812E0
2.060653E1	1.268144E1	1.585273E0
2.062320E1	1.269145E1	1.584109E0
2.063987E1	1.269280E1	1.567047E0
2.065655E1	1.270117E1	1.577152E0
2.067322E1	1.268965E1	1.591872E0
2.068989E1	1.269290E1	1.573318E0
2.070656E1	1.270872E1	1.577169E0
2.072323E1	1.274265E1	1.638564E0
2.073991E1	1.275571E1	1.647461E0
2.075658E1	1.276925E1	1.632810E0
2.077325E1	1.278688E1	1.632242E0
2.078992E1	1.279563E1	1.641196E0
2.080659E1	1.279094E1	1.648749E0
2.082327E1	1.282114E1	1.661250E0
2.083994E1	1.283431E1	1.660660E0
2.085661E1	1.283257E1	1.648262E0
2.087328E1	1.284030E1	1.641726E0
2.088995E1	1.286180E1	1.665149E0
2.090663E1	1.287224E1	1.690211E0
2.092330E1	1.288103E1	1.645203E0
2.093997E1	1.292976E1	1.638443E0
2.095664E1	1.295282E1	1.683357E0
2.097331E1	1.295023E1	1.640902E0
2.098999E1	1.295398E1	1.620136E0
2.100666E1	1.294304E1	1.681287E0
2.102333E1	1.288280E1	1.742074E0
2.104000E1	1.283223E1	1.808403E0
2.105667E1	1.282774E1	1.831196E0
2.107334E1	1.284822E1	1.803090E0
2.109002E1	1.284099E1	1.841704E0
2.110669E1	1.281093E1	1.850008E0
2.112336E1	1.281682E1	1.845347E0
2.114003E1	1.284423E1	1.783560E0
2.115670E1	1.286893E1	1.781659E0
2.117338E1	1.287409E1	1.782980E0
2.119005E1	1.288748E1	1.760735E0
2.120672E1	1.288070E1	1.728940E0
2.122339E1	1.286701E1	1.715581E0
2.124006E1	1.284376E1	1.729279E0
2.125674E1	1.286391E1	1.745176E0
2.127341E1	1.287070E1	1.746057E0
2.129008E1	1.285999E1	1.714951E0
2.130675E1	1.283511E1	1.633517E0
2.132342E1	1.284465E1	1.555577E0
2.134010E1	1.291356E1	1.554438E0
2.135677E1	1.296297E1	1.563825E0
2.137344E1	1.301464E1	1.551002E0
2.139011E1	1.307537E1	1.552028E0
2.140678E1	1.308343E1	1.550742E0
2.142346E1	1.307398E1	1.548686E0
2.144013E1	1.308847E1	1.543507E0
2.145680E1	1.313274E1	1.558837E0
2.147347E1	1.317131E1	1.596630E0
2.149014E1	1.317759E1	1.595911E0
2.150682E1	1.318812E1	1.584072E0
2.152349E1	1.319426E1	1.595637E0
2.154016E1	1.318818E1	1.603857E0
2.155683E1	1.318534E1	1.595326E0
2.157350E1	1.319576E1	1.595467E0
2.159018E1	1.323297E1	1.645937E0
2.160685E1	1.325948E1	1.666572E0
2.162352E1	1.326893E1	1.650334E0
2.164019E1	1.328359E1	1.651241E0
2.165686E1	1.328497E1	1.660026E0
2.167354E1	1.329043E1	1.666116E0
2.169021E1	1.331000E1	1.675903E0
2.170688E1	1.332705E1	1.678455E0
2.172355E1	1.332940E1	1.666193E0
2.174022E1	1.333455E1	1.664773E0
2.175689E1	1.335046E1	1.684208E0
2.177357E1	1.337073E1	1.712983E0
2.179024E1	1.337758E1	1.657441E0
2.180691E1	1.341121E1	1.636541E0
2.182358E1	1.344127E1	1.676616E0
2.184025E1	1.344079E1	1.633498E0
2.185693E1	1.344019E1	1.620406E0
2.187360E1	1.343326E1	1.675857E0
2.189027E1	1.338538E1	1.740710E0
2.190694E1	1.334307E1	1.816403E0
2.192361E1	1.334057E1	1.840587E0
2.194029E1	1.337061E1	1.812973E0
2.195696E1	1.337350E1	1.845658E0
2.197363E1	1.334461E1	1.864636E0
2.199030E1	1.333416E1	1.853569E0
2.200697E1	1.336415E1	1.787270E0
2.202365E1	1.337959E1	1.781832E0
2.204032E1	1.338802E1	1.777704E0
2.205699E1	1.339658E1	1.750719E0
2.207366E1	1.338599E1	1.718642E0
2.209033E1	1.337995E1	1.712072E0
2.210701E1	1.335240E1	1.726468E0
2.212368E1	1.335531E1	1.737938E0
2.214035E1	1.337813E1	1.749952E0
2.215702E1	1.336614E1	1.715395E0
2.217369E1	1.334813E1	1.644095E0
2.219037E1	1.335493E1	1.564326E0
2.220704E1	1.342506E1	1.565527E0
2.222371E1	1.347187E1	1.572452E0
2.224038E1	1.351986E1	1.550750E0
2.225705E1	1.358340E1	1.561169E0
2.227373E1	1.359253E1	1.553202E0
2.229040E1	1.358650E1	1.551813E0
2.230707E1	1.359197E1	1.541590E0
2.232374E1	1.363397E1	1.559451E0
2.234041E1	1.367376E1	1.600731E0
2.235709E1	1.367809E1	1.601173E0
2.237376E1	1.369727E1	1.588973E0
2.239043E1	1.370098E1	1.602029E0
2.240710E1	1.368794E1	1.605512E0
2.242377E1	1.370142E1	1.594584E0
2.244044E1	1.370655E1	1.598893E0
2.245712E1	1.374545E1	1.652852E0
2.247379E1	1.375436E1	1.663052E0
2.249046E1	1.377656E1	1.650166E0
2.250713E1	1.378671E1	1.657490E0
2.252380E1	1.378718E1	1.664353E0
2.254048E1	1.378377E1	1.665939E0
2.255715E1	1.382033E1	1.681674E0
2.257382E1	1.383603E1	1.680245E0
2.259049E1	1.382679E1	1.667317E0
2.260716E1	1.383063E1	1.661080E0
2.262384E1	1.384782E1	1.680570E0
2.264051E1	1.386733E1	1.701148E0
2.265718E1	1.388674E1	1.652566E0
2.267385E1	1.392721E1	1.635306E0
2.269052E1	1.394252E1	1.687193E0
2.270720E1	1.394731E1	1.671708E0
2.272387E1	1.394682E1	1.668758E0
2.274054E1	1.395866E1	1.727258E0
2.275721E1	1.392394E1	1.800013E0
2.277388E1	1.387187E1	1.871577E0
2.279056E1	1.385712E1	1.899373E0
2.280723E1	1.388382E1	1.897459E0
2.282390E1	1.388788E1	1.915924E0
2.284057E1	1.386287E1	1.940252E0
2.285724E1	1.387166E1	1.933809E0
2.287392E1	1.389565E1	1.868103E0
2.289059E1	1.392442E1	1.858133E0
2.290726E1	1.392725E1	1.856794E0
2.292393E1	1.392663E1	1.825318E0
2.294060E1	1.392887E1	1.794724E0
2.295728E1	1.391850E1	1.800874E0
2.297395E1	1.389327E1	1.814978E0
2.299062E1	1.389677E1	1.825919E0
2.300729E1	1.390469E1	1.826617E0
2.302396E1	1.390456E1	1.796828E0
2.304064E1	1.388212E1	1.717839E0
2.305731E1	1.390120E1	1.652754E0
2.307398E1	1.396074E1	1.667663E0
2.309065E1	1.401457E1	1.664667E0
2.310732E1	1.406440E1	1.649946E0
2.312399E1	1.413164E1	1.657989E0
2.314067E1	1.414186E1	1.657374E0
2.315734E1	1.412598E1	1.646973E0
2.317401E1	1.413643E1	1.628397E0
2.319068E1	1.418066E1	1.649912E0
2.320735E1	1.422795E1	1.695730E0
2.322403E1	1.424030E1	1.701309E0
2.324070E1	1.424214E1	1.680961E0
2.325737E1	1.425399E1	1.695837E0
2.327404E1	1.424237E1	1.706634E0
2.329071E1	1.425167E1	1.697856E0
2.330739E1	1.425585E1	1.701092E0
2.332406E1	1.428033E1	1.750651E0
2.334073E1	1.430034E1	1.766668E0
2.335740E1	1.431513E1	1.745821E0
2.337407E1	1.433019E1	1.752200E0
2.339075E1	1.433561E1	1.760949E0
2.340742E1	1.432659E1	1.769169E0
2.342409E1	1.436034E1	1.778000E0
2.344076E1	1.438423E1	1.778779E0
2.345743E1	1.437595E1	1.764141E0
2.347411E1	1.437699E1	1.764600E0
2.349078E1	1.440007E1	1.780532E0
2.350745E1	1.441690E1	1.803131E0
2.352412E1	1.442895E1	1.758834E0
2.354079E1	1.446608E1	1.739742E0
2.355747E1	1.449761E1	1.784642E0
2.357414E1	1.448554E1	1.769523E0
2.359081E1	1.448460E1	1.749412E0
2.360748E1	1.448422E1	1.793560E0
2.362415E1	1.444763E1	1.864404E0
2.364083E1	1.438635E1	1.938420E0
2.365750E1	1.435342E1	1.949683E0
2.367417E1	1.438625E1	1.944405E0
2.369084E1	1.439470E1	1.971259E0
2.370751E1	1.436699E1	1.990077E0
2.372418E1	1.436115E1	1.989926E0
2.374086E1	1.438902E1	1.912417E0
2.375753E1	1.442279E1	1.898333E0
2.377420E1	1.443000E1	1.896689E0
2.379087E1	1.442822E1	1.865265E0
2.380754E1	1.442559E1	1.829995E0
2.382422E1	1.441340E1	1.827653E0
2.384089E1	1.438404E1	1.841156E0
2.385756E1	1.438813E1	1.846915E0
2.387423E1	1.440632E1	1.860196E0
2.389090E1	1.439312E1	1.827951E0
2.390758E1	1.437072E1	1.749458E0
2.392425E1	1.438016E1	1.671563E0
2.394092E1	1.444987E1	1.680475E0
2.395759E1	1.449989E1	1.690021E0
2.397426E1	1.454734E1	1.671044E0
2.399094E1	1.460779E1	1.675691E0
2.400761E1	1.462874E1	1.675331E0
2.402428E1	1.461865E1	1.670192E0
2.404095E1	1.463091E1	1.660794E0
2.405762E1	1.466746E1	1.672224E0
2.407430E1	1.470819E1	1.718430E0
2.409097E1	1.472912E1	1.724070E0
2.410764E1	1.472903E1	1.712109E0
2.412431E1	1.472754E1	1.714517E0
2.414098E1	1.473062E1	1.722433E0
2.415766E1	1.473193E1	1.719551E0
2.417433E1	1.473537E1	1.711949E0
2.419100E1	1.475859E1	1.757363E0
2.420767E1	1.478185E1	1.787726E0
2.422434E1	1.479369E1	1.776734E0
2.424102E1	1.481267E1	1.778065E0
2.425769E1	1.482472E1	1.788522E0
2.427436E1	1.481339E1	1.791102E0
2.429103E1	1.482903E1	1.795356E0
2.430770E1	1.484549E1	1.796518E0
2.432438E1	1.485183E1	1.792545E0
2.434105E1	1.485782E1	1.789865E0
2.435772E1	1.486787E1	1.792498E0
2.437439E1	1.488694E1	1.817249E0
2.439106E1	1.490137E1	1.787684E0
2.440773E1	1.492914E1	1.755913E0
2.442441E1	1.497022E1	1.791269E0
2.444108E1	1.494675E1	1.801272E0
2.445775E1	1.496472E1	1.786083E0
2.447442E1	1.497089E1	1.831889E0
2.449109E1	1.493532E1	1.898574E0
2.450777E1	1.486921E1	1.975981E0
2.452444E1	1.484366E1	2.004939E0
2.454111E1	1.487496E1	2.008662E0
2.455778E1	1.489188E1	2.029272E0
2.457445E1	1.487003E1	2.053189E0
2.459113E1	1.485646E1	2.061396E0
2.460780E1	1.487886E1	1.999933E0
2.462447E1	1.491481E1	1.975786E0
2.464114E1	1.492062E1	1.976547E0
2.465781E1	1.493119E1	1.944534E0
2.467449E1	1.492760E1	1.909331E0
2.469116E1	1.492291E1	1.907273E0
2.470783E1	1.488721E1	1.918058E0
2.472450E1	1.489614E1	1.928484E0
2.474117E1	1.490265E1	1.941642E0
2.475785E1	1.490504E1	1.913722E0
2.477452E1	1.489430E1	1.852761E0
2.479119E1	1.489692E1	1.773444E0
2.480786E1	1.495211E1	1.772903E0
2.482453E1	1.501677E1	1.788442E0
2.484121E1	1.505926E1	1.774477E0
2.485788E1	1.511369E1	1.778561E0
2.487455E1	1.514634E1	1.787523E0
2.489122E1	1.513757E1	1.780216E0
2.490789E1	1.514116E1	1.763630E0
2.492457E1	1.518073E1	1.764481E0
2.494124E1	1.522371E1	1.811983E0
2.495791E1	1.525614E1	1.834310E0
2.497458E1	1.525603E1	1.817055E0
2.499125E1	1.525997E1	1.814464E0
2.500793E1	1.526338E1	1.831702E0
2.502460E1	1.526598E1	1.832550E0
2.504127E1	1.526169E1	1.826896E0
2.505794E1	1.528161E1	1.862247E0
2.507461E1	1.530175E1	1.886629E0
2.509128E1	1.531267E1	1.878433E0
2.510796E1	1.533499E1	1.884228E0
2.512463E1	1.534182E1	1.888650E0
2.514130E1	1.533921E1	1.890798E0
2.515797E1	1.534851E1	1.902510E0
2.517464E1	1.537611E1	1.912554E0
2.519132E1	1.537700E1	1.900901E0
2.520799E1	1.538264E1	1.891275E0
2.522466E1	1.538829E1	1.897081E0
2.524133E1	1.541519E1	1.933286E0
2.525800E1	1.542103E1	1.910977E0
2.527468E1	1.545465E1	1.896385E0
2.529135E1	1.549340E1	1.943471E0
2.530802E1	1.547544E1	1.966938E0
2.532469E1	1.548391E1	1.935816E0
2.534136E1	1.549876E1	1.992890E0
2.535804E1	1.545595E1	2.049622E0
2.537471E1	1.539366E1	2.122086E0
2.539138E1	1.536518E1	2.152211E0
2.540805E1	1.539014E1	2.159179E0
2.542472E1	1.540810E1	2.171984E0
2.544140E1	1.537459E1	2.202668E0
2.545807E1	1.536447E1	2.201861E0
2.547474E1	1.540187E1	2.150509E0
2.549141E1	1.542863E1	2.120704E0
2.550808E1	1.542979E1	2.126044E0
2.552476E1	1.543786E1	2.093258E0
2.554143E1	1.543804E1	2.060031E0
2.555810E1	1.543529E1	2.055451E0
2.557477E1	1.540843E1	2.072003E0
2.559144E1	1.540026E1	2.082837E0
2.560812E1	1.542178E1	2.095099E0
2.562479E1	1.542068E1	2.073396E0
2.564146E1	1.540146E1	2.004142E0
2.565813E1	1.540267E1	1.922980E0
2.567480E1	1.546293E1	1.925286E0
2.569148E1	1.552481E1	1.936081E0
2.570815E1	1.556091E1	1.925015E0
2.572482E1	1.561543E1	1.930019E0
2.574149E1	1.565807E1	1.944046E0
2.575816E1	1.564505E1	1.929651E0
2.577483E1	1.565374E1	1.918301E0
2.579151E1	1.569646E1	1.921222E0
2.580818E1	1.573492E1	1.966512E0
2.582485E1	1.576207E1	1.984561E0
2.584152E1	1.576020E1	1.970564E0
2.585819E1	1.575458E1	1.964844E0
2.587487E1	1.575468E1	1.972457E0
2.589154E1	1.576537E1	1.968114E0
2.590821E1	1.576865E1	1.963930E0
2.592488E1	1.578707E1	2.001230E0
2.594155E1	1.581355E1	2.037902E0
2.595823E1	1.581911E1	2.033828E0
2.597490E1	1.583995E1	2.030636E0
2.599157E1	1.585572E1	2.038714E0
2.600824E1	1.584877E1	2.040365E0
2.602491E1	1.585633E1	2.053952E0
2.604159E1	1.587827E1	2.062055E0
2.605826E1	1.586596E1	2.047502E0
2.607493E1	1.587880E1	2.038694E0
2.609160E1	1.588781E1	2.045167E0
2.610827E1	1.590397E1	2.081325E0
2.612495E1	1.590534E1	2.060790E0
2.614162E1	1.593470E1	2.029715E0
2.615829E1	1.597579E1	2.058995E0
2.617496E1	1.596733E1	2.082046E0
2.619163E1	1.595653E1	2.050970E0
2.620831E1	1.597254E1	2.106040E0
2.622498E1	1.594001E1	2.167141E0
2.624165E1	1.587273E1	2.250225E0
2.625832E1	1.584028E1	2.285860E0
2.627499E1	1.586420E1	2.279555E0
2.629167E1	1.588977E1	2.301571E0
2.630834E1	1.586415E1	2.323803E0
2.632501E1	1.584381E1	2.327812E0
2.634168E1	1.586859E1	2.282255E0
2.635835E1	1.590705E1	2.247876E0
2.637503E1	1.592185E1	2.242447E0
2.639170E1	1.591421E1	2.210872E0
2.640837E1	1.591424E1	2.171182E0
2.642504E1	1.591440E1	2.167431E0
2.644171E1	1.589101E1	2.181949E0
2.645838E1	1.588360E1	2.188890E0
2.647506E1	1.589728E1	2.206808E0
2.649173E1	1.590673E1	2.196327E0
2.650840E1	1.589906E1	2.139302E0
2.652507E1	1.589184E1	2.050674E0
2.654174E1	1.595064E1	2.044421E0
2.655842E1	1.601391E1	2.068826E0
2.657509E1	1.605810E1	2.049457E0
2.659176E1	1.611674E1	2.048345E0
2.660843E1	1.615617E1	2.066794E0
2.662510E1	1.615652E1	2.059604E0
2.664178E1	1.616341E1	2.043517E0
2.665845E1	1.619994E1	2.046070E0
2.667512E1	1.623380E1	2.088715E0
2.669179E1	1.625491E1	2.105237E0
2.670846E1	1.625566E1	2.092721E0
2.672514E1	1.625482E1	2.091917E0
2.674181E1	1.626002E1	2.091804E0
2.675848E1	1.627363E1	2.087069E0
2.677515E1	1.628510E1	2.083601E0
2.679182E1	1.629606E1	2.122572E0
2.680850E1	1.632279E1	2.164680E0
2.682517E1	1.633329E1	2.163553E0
2.684184E1	1.634470E1	2.154684E0
2.685851E1	1.636336E1	2.166564E0
2.687518E1	1.635328E1	2.173444E0
2.689186E1	1.635947E1	2.178240E0
2.690853E1	1.637974E1	2.183750E0
2.692520E1	1.637041E1	2.180409E0
2.694187E1	1.638721E1	2.170238E0
2.695854E1	1.640735E1	2.171208E0
2.697522E1	1.641432E1	2.196103E0
2.699189E1	1.641876E1	2.184559E0
2.700856E1	1.644732E1	2.153908E0
2.702523E1	1.648922E1	2.171849E0
2.704190E1	1.647762E1	2.206404E0
2.705858E1	1.646940E1	2.173685E0
2.707525E1	1.647560E1	2.212582E0
2.709192E1	1.646128E1	2.265912E0
2.710859E1	1.639019E1	2.350119E0
2.712526E1	1.634367E1	2.384619E0
2.714193E1	1.635693E1	2.391122E0
2.715861E1	1.639034E1	2.406981E0
2.717528E1	1.636848E1	2.435941E0
2.719195E1	1.635771E1	2.443964E0
2.720862E1	1.636849E1	2.408662E0
2.722529E1	1.641405E1	2.363788E0
2.724197E1	1.642618E1	2.370209E0
2.725864E1	1.642253E1	2.335501E0
2.727531E1	1.642075E1	2.297290E0
2.729198E1	1.642499E1	2.288034E0
2.730865E1	1.638308E1	2.297725E0
2.732533E1	1.638286E1	2.303889E0
2.734200E1	1.640397E1	2.327638E0
2.735867E1	1.639661E1	2.316075E0
2.737534E1	1.638647E1	2.260918E0
2.739201E1	1.639015E1	2.169904E0
2.740869E1	1.644261E1	2.145685E0
2.742536E1	1.650649E1	2.174506E0
2.744203E1	1.654980E1	2.166923E0
2.745870E1	1.660363E1	2.155764E0
2.747537E1	1.664481E1	2.175914E0
2.749205E1	1.664483E1	2.171053E0
2.750872E1	1.664603E1	2.155276E0
2.752539E1	1.668120E1	2.146069E0
2.754206E1	1.672270E1	2.188192E0
2.755873E1	1.674695E1	2.218225E0
2.757541E1	1.675203E1	2.204029E0
2.759208E1	1.674818E1	2.197834E0
2.760875E1	1.675511E1	2.202438E0
2.762542E1	1.676496E1	2.191974E0
2.764209E1	1.677048E1	2.194097E0
2.765877E1	1.678322E1	2.210696E0
2.767544E1	1.680169E1	2.259312E0
2.769211E1	1.680914E1	2.262942E0
2.770878E1	1.683797E1	2.249350E0
2.772545E1	1.684840E1	2.261115E0
2.774212E1	1.685185E1	2.269434E0
2.775880E1	1.685640E1	2.278327E0
2.777547E1	1.688278E1	2.282258E0
2.779214E1	1.688526E1	2.279395E0
2.780881E1	1.689560E1	2.269576E0
2.782548E1	1.689750E1	2.263184E0
2.784216E1	1.691480E1	2.278037E0
2.785883E1	1.691792E1	2.282164E0
2.787550E1	1.693241E1	2.242895E0
2.789217E1	1.697713E1	2.243886E0
2.790884E1	1.697650E1	2.295241E0
2.792552E1	1.697432E1	2.276754E0
2.794219E1	1.697319E1	2.307030E0
2.795886E1	1.697625E1	2.359867E0
2.797553E1	1.692775E1	2.446727E0
2.799220E1	1.688810E1	2.512892E0
2.800888E1	1.689202E1	2.534539E0
2.802555E1	1.692936E1	2.550754E0
2.804222E1	1.692074E1	2.572855E0
2.805889E1	1.689418E1	2.592703E0
2.807556E1	1.689685E1	2.573560E0
2.809224E1	1.693032E1	2.506883E0
2.810891E1	1.695463E1	2.497177E0
2.812558E1	1.694565E1	2.477008E0
2.814225E1	1.694405E1	2.443823E0
2.815892E1	1.694883E1	2.426017E0
2.817560E1	1.694249E1	2.453817E0
2.819227E1	1.691753E1	2.458077E0
2.820894E1	1.692833E1	2.474395E0
2.822561E1	1.693980E1	2.470107E0
2.824228E1	1.692947E1	2.425564E0
2.825896E1	1.693675E1	2.335059E0
2.827563E1	1.698095E1	2.300602E0
2.829230E1	1.705247E1	2.331756E0
2.830897E1	1.708552E1	2.327832E0
2.832564E1	1.713272E1	2.309760E0
2.834232E1	1.718272E1	2.320952E0
2.835899E1	1.720442E1	2.318679E0
2.837566E1	1.720873E1	2.304438E0
2.839233E1	1.724684E1	2.294708E0
2.840900E1	1.728455E1	2.323884E0
2.842567E1	1.729741E1	2.353169E0
2.844235E1	1.730759E1	2.343063E0
2.845902E1	1.731276E1	2.335722E0
2.847569E1	1.731671E1	2.342365E0
2.849236E1	1.732308E1	2.342794E0
2.850903E1	1.733652E1	2.337138E0
2.852571E1	1.733618E1	2.345227E0
2.854238E1	1.736735E1	2.397516E0
2.855905E1	1.737141E1	2.413870E0
2.857572E1	1.738405E1	2.392325E0
2.859239E1	1.741152E1	2.395386E0
2.860907E1	1.740918E1	2.407377E0
2.862574E1	1.741369E1	2.416387E0
2.864241E1	1.743847E1	2.416256E0
2.865908E1	1.745001E1	2.416989E0
2.867575E1	1.745357E1	2.418848E0
2.869243E1	1.745197E1	2.415127E0
2.870910E1	1.747720E1	2.417340E0
2.872577E1	1.747854E1	2.424654E0
2.874244E1	1.748509E1	2.387533E0
2.875911E1	1.752860E1	2.379476E0
2.877579E1	1.752018E1	2.403525E0
2.879246E1	1.750308E1	2.394849E0
2.880913E1	1.752260E1	2.406039E0
2.882580E1	1.752597E1	2.462961E0
2.884247E1	1.748802E1	2.538589E0
2.885915E1	1.743901E1	2.615455E0
2.887582E1	1.742529E1	2.641105E0
2.889249E1	1.744693E1	2.652583E0
2.890916E1	1.744361E1	2.672784E0
2.892583E1	1.743256E1	2.677367E0
2.894251E1	1.742265E1	2.673431E0
2.895918E1	1.746180E1	2.611392E0
2.897585E1	1.749060E1	2.599987E0
2.899252E1	1.748478E1	2.581210E0
2.900919E1	1.747809E1	2.546789E0
2.902587E1	1.748719E1	2.537376E0
2.904254E1	1.746196E1	2.553092E0
2.905921E1	1.744473E1	2.567859E0
2.907588E1	1.745326E1	2.578909E0
2.909255E1	1.746259E1	2.581030E0
2.910922E1	1.746812E1	2.532515E0
2.912590E1	1.746614E1	2.431982E0
2.914257E1	1.750268E1	2.388731E0
2.915924E1	1.758597E1	2.422886E0
2.917591E1	1.762760E1	2.424467E0
2.919258E1	1.766925E1	2.410055E0
2.920926E1	1.772292E1	2.426683E0
2.922593E1	1.774201E1	2.429031E0
2.924260E1	1.774247E1	2.418781E0
2.925927E1	1.777829E1	2.401391E0
2.927594E1	1.781412E1	2.424313E0
2.929262E1	1.784300E1	2.466305E0
2.930929E1	1.784967E1	2.464969E0
2.932596E1	1.784755E1	2.450402E0
2.934263E1	1.784894E1	2.458990E0
2.935930E1	1.785342E1	2.452395E0
2.937598E1	1.787048E1	2.449026E0
2.939265E1	1.786626E1	2.459499E0
2.940932E1	1.789311E1	2.508632E0
2.942599E1	1.789687E1	2.516924E0
2.944266E1	1.791908E1	2.506198E0
2.945934E1	1.792766E1	2.514672E0
2.947601E1	1.793008E1	2.519611E0
2.949268E1	1.792601E1	2.516862E0
2.950935E1	1.794613E1	2.517658E0
2.952602E1	1.796559E1	2.514205E0
2.954270E1	1.796982E1	2.514438E0
2.955937E1	1.797967E1	2.514108E0
2.957604E1	1.798969E1	2.517824E0
2.959271E1	1.798934E1	2.518219E0
2.960938E1	1.800159E1	2.473337E0
2.962606E1	1.803374E1	2.456327E0
2.964273E1	1.801714E1	2.477707E0
2.965940E1	1.801037E1	2.468820E0
2.967607E1	1.801017E1	2.475871E0
2.969274E1	1.801333E1	2.530031E0
2.970942E1	1.796627E1	2.595899E0
2.972609E1	1.792093E1	2.668256E0
2.974276E1	1.790070E1	2.678072E0
2.975943E1	1.793764E1	2.693456E0
2.977610E1	1.793630E1	2.708987E0
2.979277E1	1.789942E1	2.715370E0
2.980945E1	1.791193E1	2.703527E0
2.982612E1	1.793561E1	2.635963E0
2.984279E1	1.796356E1	2.634229E0
2.985946E1	1.796036E1	2.618476E0
2.987613E1	1.796138E1	2.588468E0
2.989281E1	1.796302E1	2.574156E0
2.990948E1	1.795172E1	2.593511E0
2.992615E1	1.793111E1	2.603676E0
2.994282E1	1.792932E1	2.614270E0
2.995949E1	1.793144E1	2.611095E0
2.997617E1	1.795647E1	2.564058E0
2.999284E1	1.795559E1	2.465411E0
3.000951E1	1.799341E1	2.430035E0
3.002618E1	1.806819E1	2.468211E0
3.004285E1	1.810692E1	2.468778E0
3.005953E1	1.815337E1	2.451940E0
3.007620E1	1.820570E1	2.471280E0
3.009287E1	1.822114E1	2.475453E0
3.010954E1	1.822779E1	2.462182E0
3.012621E1	1.825825E1	2.449817E0
3.014289E1	1.828364E1	2.477807E0
3.015956E1	1.831534E1	2.518394E0
3.017623E1	1.832410E1	2.517362E0
3.019290E1	1.832970E1	2.509439E0
3.020957E1	1.832940E1	2.520234E0
3.022625E1	1.833026E1	2.521754E0
3.024292E1	1.834664E1	2.516157E0
3.025959E1	1.836256E1	2.534441E0
3.027626E1	1.837994E1	2.580588E0
3.029293E1	1.838933E1	2.583586E0
3.030961E1	1.840837E1	2.568492E0
3.032628E1	1.841686E1	2.581202E0
3.034295E1	1.842341E1	2.595071E0
3.035962E1	1.843087E1	2.594857E0
3.037629E1	1.845455E1	2.596313E0
3.039297E1	1.846135E1	2.594887E0
3.040964E1	1.846349E1	2.595751E0
3.042631E1	1.848009E1	2.601170E0
3.044298E1	1.850400E1	2.616855E0
3.045965E1	1.850209E1	2.622404E0
3.047632E1	1.850606E1	2.568017E0
3.049300E1	1.854401E1	2.558285E0
3.050967E1	1.854209E1	2.605275E0
3.052634E1	1.854917E1	2.610904E0
3.054301E1	1.854979E1	2.639424E0
3.055968E1	1.854614E1	2.703798E0
3.057636E1	1.851001E1	2.764585E0
3.059303E1	1.846089E1	2.864852E0
3.060970E1	1.845849E1	2.914482E0
3.062637E1	1.847950E1	2.921770E0
3.064304E1	1.848361E1	2.954265E0
3.065972E1	1.845135E1	2.960595E0
3.067639E1	1.844928E1	2.960176E0
3.069306E1	1.848865E1	2.917528E0
3.070973E1	1.851428E1	2.917029E0
3.072640E1	1.850703E1	2.879897E0
3.074308E1	1.849353E1	2.844156E0
3.075975E1	1.849252E1	2.840022E0
3.077642E1	1.849078E1	2.869863E0
3.079309E1	1.847781E1	2.877050E0
3.080976E1	1.848294E1	2.881345E0
3.082644E1	1.848748E1	2.877951E0
3.084311E1	1.849226E1	2.819765E0
3.085978E1	1.851564E1	2.716812E0
3.087645E1	1.855335E1	2.680798E0
3.089312E1	1.861962E1	2.722559E0
3.090980E1	1.866958E1	2.725389E0
3.092647E1	1.872161E1	2.719394E0
3.094314E1	1.875891E1	2.726868E0
3.095981E1	1.876797E1	2.719903E0
3.097648E1	1.878178E1	2.703266E0
3.099316E1	1.881568E1	2.689507E0
3.100983E1	1.885122E1	2.722649E0
3.102650E1	1.887517E1	2.763068E0
3.104317E1	1.888411E1	2.759748E0
3.105984E1	1.888001E1	2.752210E0
3.107651E1	1.889296E1	2.753859E0
3.109319E1	1.889091E1	2.758667E0
3.110986E1	1.890969E1	2.762171E0
3.112653E1	1.891102E1	2.770167E0
3.114320E1	1.892610E1	2.805010E0
3.115987E1	1.894356E1	2.820038E0
3.117655E1	1.896471E1	2.816373E0
3.119322E1	1.897529E1	2.832245E0
3.120989E1	1.897784E1	2.839660E0
3.122656E1	1.898369E1	2.839004E0
3.124323E1	1.901575E1	2.840495E0
3.125991E1	1.901837E1	2.830428E0
3.127658E1	1.901947E1	2.833966E0
3.129325E1	1.903766E1	2.840970E0
3.130992E1	1.904049E1	2.853672E0
3.132659E1	1.904851E1	2.848208E0
3.134327E1	1.906537E1	2.790422E0
3.135994E1	1.908769E1	2.773717E0
3.137661E1	1.907481E1	2.815048E0
3.139328E1	1.907485E1	2.810431E0
3.140995E1	1.908557E1	2.839181E0
3.142663E1	1.907985E1	2.894583E0
3.144330E1	1.905019E1	2.959643E0
3.145997E1	1.899455E1	3.044448E0
3.147664E1	1.899420E1	3.078234E0
3.149331E1	1.901456E1	3.085556E0
3.150999E1	1.901331E1	3.113469E0
3.152666E1	1.900786E1	3.116234E0
3.154333E1	1.900447E1	3.104357E0
3.156000E1	1.903297E1	3.053192E0
3.157667E1	1.905117E1	3.045703E0
3.159335E1	1.903866E1	3.013210E0
3.161002E1	1.904285E1	2.982572E0
3.162669E1	1.904581E1	2.979155E0
3.164336E1	1.903872E1	3.016763E0
3.166003E1	1.900620E1	3.026016E0
3.167671E1	1.901636E1	3.042011E0
3.169338E1	1.902540E1	3.019096E0
3.171005E1	1.903697E1	2.952967E0
3.172672E1	1.905142E1	2.850900E0
3.174339E1	1.909085E1	2.824827E0
3.176006E1	1.916195E1	2.860784E0
3.177674E1	1.920702E1	2.867740E0
3.179341E1	1.926555E1	2.861839E0
3.181008E1	1.930033E1	2.871160E0
3.182675E1	1.930691E1	2.863814E0
3.184342E1	1.931655E1	2.849079E0
3.186010E1	1.936137E1	2.835813E0
3.187677E1	1.939719E1	2.867975E0
3.189344E1	1.942141E1	2.906810E0
3.191011E1	1.942789E1	2.902540E0
3.192678E1	1.941669E1	2.897344E0
3.194346E1	1.942336E1	2.895327E0
3.196013E1	1.942862E1	2.893458E0
3.197680E1	1.944584E1	2.894042E0
3.199347E1	1.945887E1	2.912944E0
3.201014E1	1.947145E1	2.946928E0
3.202682E1	1.947677E1	2.955933E0
3.204349E1	1.949776E1	2.952564E0
3.206016E1	1.951791E1	2.959643E0
3.207683E1	1.952219E1	2.966033E0
3.209350E1	1.952681E1	2.965899E0
3.211018E1	1.955678E1	2.965057E0
3.212685E1	1.955691E1	2.951703E0
3.214352E1	1.956239E1	2.962397E0
3.216019E1	1.957754E1	2.973758E0
3.217686E1	1.959167E1	2.993005E0
3.219354E1	1.960042E1	2.983103E0
3.221021E1	1.960120E1	2.917330E0
3.222688E1	1.963161E1	2.900245E0
3.224355E1	1.962502E1	2.926826E0
3.226022E1	1.961558E1	2.927583E0
3.227690E1	1.961999E1	2.947689E0
3.229357E1	1.962657E1	3.010071E0
3.231024E1	1.958979E1	3.059951E0
3.232691E1	1.956557E1	3.124632E0
3.234358E1	1.955314E1	3.151698E0
3.236026E1	1.958062E1	3.167176E0
3.237693E1	1.956274E1	3.176301E0
3.239360E1	1.955034E1	3.192113E0
3.241027E1	1.955723E1	3.170363E0
3.242694E1	1.959516E1	3.119323E0
3.244361E1	1.961558E1	3.111650E0
3.246029E1	1.959716E1	3.079157E0
3.247696E1	1.960356E1	3.044612E0
3.249363E1	1.959946E1	3.035652E0
3.251030E1	1.959521E1	3.068600E0
3.252697E1	1.956346E1	3.075892E0
3.254365E1	1.956747E1	3.085754E0
3.256032E1	1.956727E1	3.074052E0
3.257699E1	1.960037E1	3.006255E0
3.259366E1	1.962967E1	2.910638E0
3.261033E1	1.967300E1	2.908619E0
3.262701E1	1.971979E1	2.944018E0
3.264368E1	1.976576E1	2.938819E0
3.266035E1	1.983111E1	2.934469E0
3.267702E1	1.987307E1	2.940686E0
3.269369E1	1.987974E1	2.934118E0
3.271037E1	1.988255E1	2.912281E0
3.272704E1	1.991660E1	2.903428E0
3.274371E1	1.995713E1	2.933982E0
3.276038E1	1.999036E1	2.979449E0
3.277705E1	1.999679E1	2.979934E0
3.279373E1	1.999827E1	2.973898E0
3.281040E1	1.999947E1	2.975758E0
3.282707E1	2.000245E1	2.976316E0
3.284374E1	2.000875E1	2.980609E0
3.286041E1	2.003947E1	3.012516E0
3.287709E1	2.004267E1	3.037716E0
3.289376E1	2.004243E1	3.032841E0
3.291043E1	2.005258E1	3.023212E0
3.292710E1	2.007393E1	3.047125E0
3.294377E1	2.008160E1	3.054394E0
3.296045E1	2.010028E1	3.051224E0
3.297712E1	2.011560E1	3.041297E0
3.299379E1	2.011420E1	3.038412E0
3.301046E1	2.010927E1	3.047408E0
3.302713E1	2.014705E1	3.051264E0
3.304381E1	2.015432E1	3.066724E0
3.306048E1	2.015904E1	3.062079E0
3.307715E1	2.017168E1	3.018960E0
3.309382E1	2.019834E1	2.991299E0
3.311049E1	2.018506E1	2.999357E0
3.312716E1	2.018433E1	2.991640E0
3.314384E1	2.017769E1	3.022427E0
3.316051E1	2.017612E1	3.095199E0
3.317718E1	2.013494E1	3.154459E0
3.319385E1	2.008935E1	3.219670E0
3.321052E1	2.009494E1	3.233932E0
3.322720E1	2.012474E1	3.252169E0
3.324387E1	2.010278E1	3.280317E0
3.326054E1	2.007814E1	3.282366E0
3.327721E1	2.009755E1	3.257575E0
3.329388E1	2.014188E1	3.213639E0
3.331056E1	2.015062E1	3.205334E0
3.332723E1	2.013819E1	3.163584E0
3.334390E1	2.013874E1	3.134183E0
3.336057E1	2.014554E1	3.135258E0
3.337724E1	2.013431E1	3.172237E0
3.339392E1	2.011615E1	3.185704E0
3.341059E1	2.012470E1	3.193148E0
3.342726E1	2.012283E1	3.162641E0
3.344393E1	2.015085E1	3.079338E0
3.346060E1	2.016806E1	2.992479E0
3.347728E1	2.020744E1	3.007201E0
3.349395E1	2.028487E1	3.040379E0
3.351062E1	2.033916E1	3.035676E0
3.352729E1	2.036767E1	3.026636E0
3.354396E1	2.040448E1	3.044554E0
3.356064E1	2.040625E1	3.041496E0
3.357731E1	2.043178E1	3.012771E0
3.359398E1	2.047600E1	3.002797E0
3.361065E1	2.051094E1	3.044908E0
3.362732E1	2.052118E1	3.082137E0
3.364400E1	2.052729E1	3.064148E0
3.366067E1	2.054431E1	3.060093E0
3.367734E1	2.054346E1	3.070083E0
3.369401E1	2.055374E1	3.076290E0
3.371068E1	2.056130E1	3.076767E0
3.372736E1	2.056592E1	3.105440E0
3.374403E1	2.059087E1	3.141173E0
3.376070E1	2.059364E1	3.132721E0
3.377737E1	2.061433E1	3.126318E0
3.379404E1	2.062227E1	3.146317E0
3.381071E1	2.060618E1	3.147294E0
3.382739E1	2.063275E1	3.146290E0
3.384406E1	2.066515E1	3.139429E0
3.386073E1	2.066139E1	3.140367E0
3.387740E1	2.066665E1	3.150870E0
3.389407E1	2.067614E1	3.150775E0
3.391075E1	2.068693E1	3.168131E0
3.392742E1	2.069558E1	3.123114E0
3.394409E1	2.072196E1	3.065037E0
3.396076E1	2.073839E1	3.063403E0
3.397743E1	2.071307E1	3.084787E0
3.399411E1	2.070742E1	3.071766E0
3.401078E1	2.070618E1	3.108806E0
3.402745E1	2.071622E1	3.159370E0
3.404412E1	2.067802E1	3.220462E0
3.406079E1	2.063113E1	3.267004E0
3.407747E1	2.063422E1	3.268477E0
3.409414E1	2.066739E1	3.303018E0
3.411081E1	2.065023E1	3.306467E0
3.412748E1	2.063802E1	3.301716E0
3.414415E1	2.065465E1	3.247309E0
3.416083E1	2.068098E1	3.228892E0
3.417750E1	2.068299E1	3.222807E0
3.419417E1	2.067289E1	3.191179E0
3.421084E1	2.067511E1	3.156517E0
3.422751E1	2.068913E1	3.166460E0
3.424419E1	2.067389E1	3.184923E0
3.426086E1	2.064520E1	3.189047E0
3.427753E1	2.064669E1	3.195376E0
3.429420E1	2.067129E1	3.153588E0
3.431087E1	2.069192E1	3.063495E0
3.432755E1	2.071387E1	2.983736E0
3.434422E1	2.076729E1	2.993596E0
3.436089E1	2.083453E1	3.025980E0
3.437756E1	2.087346E1	2.995690E0
3.439423E1	2.092813E1	2.986396E0
3.441090E1	2.095715E1	2.995289E0
3.442758E1	2.095515E1	2.991076E0
3.444425E1	2.097851E1	2.972911E0
3.446092E1	2.101145E1	2.979708E0
3.447759E1	2.105022E1	3.015193E0
3.449426E1	2.106489E1	3.026083E0
3.451094E1	2.107297E1	3.025135E0
3.452761E1	2.107529E1	3.032813E0
3.454428E1	2.107152E1	3.038525E0
3.456095E1	2.108239E1	3.033065E0
3.457762E1	2.110357E1	3.044393E0
3.459430E1	2.110850E1	3.082026E0
3.461097E1	2.111906E1	3.095253E0
3.462764E1	2.113421E1	3.089952E0
3.464431E1	2.115378E1	3.094246E0
3.466098E1	2.116235E1	3.103653E0
3.467766E1	2.115566E1	3.108278E0
3.469433E1	2.118011E1	3.110247E0
3.471100E1	2.119410E1	3.109098E0
3.472767E1	2.119687E1	3.108689E0
3.474434E1	2.120418E1	3.109815E0
3.476102E1	2.120809E1	3.118129E0
3.477769E1	2.121458E1	3.120122E0
3.479436E1	2.123186E1	3.069906E0
3.481103E1	2.125959E1	3.036629E0
3.482770E1	2.126727E1	3.071841E0
3.484438E1	2.126201E1	3.067617E0
3.486105E1	2.126031E1	3.071911E0
3.487772E1	2.126238E1	3.126359E0
3.489439E1	2.123169E1	3.178799E0
3.491106E1	2.118447E1	3.239204E0
3.492774E1	2.116131E1	3.251715E0
3.494441E1	2.119797E1	3.263918E0
3.496108E1	2.119993E1	3.285515E0
3.497775E1	2.117808E1	3.290839E0
3.499442E1	2.116782E1	3.281648E0
3.501110E1	2.121430E1	3.227457E0
3.502777E1	2.122805E1	3.220028E0
3.504444E1	2.123231E1	3.191548E0
3.506111E1	2.121642E1	3.157741E0
3.507778E1	2.122491E1	3.152080E0
3.509445E1	2.123339E1	3.185666E0
3.511113E1	2.120121E1	3.196930E0
3.512780E1	2.120148E1	3.210027E0
3.514447E1	2.121069E1	3.196471E0
3.516114E1	2.123013E1	3.123461E0
3.517781E1	2.125964E1	3.032059E0
3.519449E1	2.128188E1	3.000617E0
3.521116E1	2.135114E1	3.041536E0
3.522783E1	2.142645E1	3.053676E0
3.524450E1	2.146744E1	3.040839E0
3.526117E1	2.150994E1	3.043544E0
3.527785E1	2.151803E1	3.038877E0
3.529452E1	2.152343E1	3.017709E0
3.531119E1	2.155867E1	3.002956E0
3.532786E1	2.159680E1	3.032001E0
3.534453E1	2.162753E1	3.079721E0
3.536121E1	2.163251E1	3.079375E0
3.537788E1	2.163795E1	3.070581E0
3.539455E1	2.163896E1	3.076949E0
3.541122E1	2.163889E1	3.078617E0
3.542789E1	2.166575E1	3.084958E0
3.544457E1	2.167901E1	3.110552E0
3.546124E1	2.168026E1	3.139541E0
3.547791E1	2.168129E1	3.135907E0
3.549458E1	2.170820E1	3.136025E0
3.551125E1	2.171517E1	3.149106E0
3.552793E1	2.171793E1	3.156043E0
3.554460E1	2.172690E1	3.159365E0
3.556127E1	2.175563E1	3.157316E0
3.557794E1	2.175933E1	3.152716E0
3.559461E1	2.175960E1	3.154226E0
3.561129E1	2.176592E1	3.163821E0
3.562796E1	2.177713E1	3.183386E0
3.564463E1	2.177930E1	3.166299E0
3.566130E1	2.180019E1	3.104243E0
3.567797E1	2.182936E1	3.110125E0
3.569465E1	2.181687E1	3.145149E0
3.571132E1	2.181745E1	3.134803E0
3.572799E1	2.180606E1	3.171353E0
3.574466E1	2.182417E1	3.226386E0
3.576133E1	2.179630E1	3.281189E0
3.577800E1	2.174782E1	3.341827E0
3.579468E1	2.174119E1	3.339738E0
3.581135E1	2.176223E1	3.365968E0
3.582802E1	2.176005E1	3.378464E0
3.584469E1	2.174323E1	3.384930E0
3.586136E1	2.176940E1	3.355484E0
3.587804E1	2.180350E1	3.304214E0
3.589471E1	2.182232E1	3.291423E0
3.591138E1	2.179006E1	3.263248E0
3.592805E1	2.179317E1	3.239632E0
3.594472E1	2.181659E1	3.256131E0
3.596140E1	2.181298E1	3.293180E0
3.597807E1	2.178503E1	3.306037E0
3.599474E1	2.178383E1	3.310555E0
3.601141E1	2.180438E1	3.278434E0
3.602808E1	2.183392E1	3.186877E0
3.604476E1	2.186347E1	3.103495E0
3.606143E1	2.190261E1	3.119446E0
3.607810E1	2.196672E1	3.168335E0
