	masse A		
t	x	y	
0.000000E0	-4.121344E-4	-1.639958E-3
1.666425E-2	-2.847162E-2	-4.465527E-2
3.332850E-2	-3.307230E-2	-3.919396E-2
4.999275E-2	-3.079302E-2	1.422166E-3
6.665701E-2	-3.193790E-2	-4.165968E-2
8.332126E-2	-3.785648E-2	-1.473995E-1
9.998551E-2	-2.436056E-2	-1.523867E-1
1.166498E-1	3.059058E-2	-8.401143E-2
1.333140E-1	7.460934E-2	-5.099273E-2
1.499783E-1	3.202188E-2	-1.368182E-1
1.666425E-1	1.595407E-2	-1.940579E-1
1.833068E-1	4.634295E-2	-1.629447E-1
1.999710E-1	4.419137E-2	-1.614950E-1
2.166353E-1	4.220685E-2	-1.856319E-1
2.332995E-1	3.779296E-2	-1.694843E-1
2.499638E-1	2.508793E-2	-1.763951E-1
2.666280E-1	2.921073E-2	-1.637133E-1
2.832923E-1	4.288458E-2	-1.327969E-1
2.999565E-1	5.781217E-2	-1.693938E-1
3.166208E-1	8.473831E-2	-1.964812E-1
3.332850E-1	1.114166E-1	-1.653563E-1
3.499493E-1	1.559818E-1	-1.540075E-1
3.666135E-1	1.527908E-1	-1.509073E-1
3.832778E-1	1.497492E-1	-1.097951E-1
3.999420E-1	1.929605E-1	-1.097568E-1
4.166063E-1	2.842340E-1	-1.165785E-1
4.332705E-1	3.612763E-1	-1.350952E-1
4.499348E-1	3.588338E-1	-1.325845E-1
4.665990E-1	3.700854E-1	-1.343861E-1
4.832633E-1	3.758711E-1	-1.237012E-1
4.999275E-1	4.192342E-1	-1.102464E-1
5.165918E-1	4.615754E-1	-7.114417E-2
5.332560E-1	4.844856E-1	-6.226460E-2
5.499203E-1	4.796432E-1	-7.787919E-2
5.665845E-1	4.817045E-1	-8.541946E-2
5.832488E-1	4.768941E-1	-7.941731E-2
5.999131E-1	4.839970E-1	-6.417455E-2
6.165773E-1	4.983301E-1	-4.808867E-2
6.332416E-1	5.298162E-1	-1.293319E-2
6.499058E-1	5.559358E-1	-5.188485E-3
6.665701E-1	5.824845E-1	-3.882784E-3
6.832343E-1	5.883321E-1	-4.218825E-3
6.998986E-1	5.721282E-1	-1.892615E-3
7.165628E-1	5.937867E-1	1.079849E-2
7.332271E-1	6.167720E-1	6.048326E-3
7.498913E-1	6.115215E-1	-2.353039E-2
7.665556E-1	6.116955E-1	-4.642067E-2
7.832198E-1	6.442737E-1	-2.927475E-2
7.998841E-1	7.008686E-1	2.203131E-2
8.165483E-1	7.398866E-1	4.370746E-2
8.332126E-1	7.707503E-1	3.933515E-2
8.498768E-1	8.146430E-1	5.890270E-2
8.665411E-1	8.298054E-1	5.220852E-2
8.832053E-1	8.094533E-1	3.440582E-2
8.998696E-1	7.967029E-1	-3.446990E-2
9.165338E-1	7.636890E-1	-5.816851E-2
9.331981E-1	7.655451E-1	-3.677960E-3
9.498623E-1	7.672300E-1	4.777121E-2
9.665266E-1	7.572869E-1	-5.204949E-3
9.831908E-1	7.575858E-1	-8.064670E-2
9.998551E-1	7.717659E-1	-5.206897E-2
1.016519E0	8.196446E-1	2.102048E-2
1.033184E0	8.536470E-1	3.103998E-2
1.049848E0	8.138467E-1	-8.782930E-2
1.066512E0	8.187198E-1	-1.300093E-1
1.083176E0	8.590620E-1	-7.733048E-2
1.099841E0	8.592132E-1	-6.509829E-2
1.116505E0	8.627634E-1	-9.035473E-2
1.133169E0	8.559521E-1	-7.727442E-2
1.149833E0	8.612983E-1	-3.163428E-2
1.166498E0	8.557998E-1	-3.244377E-2
1.183162E0	8.510796E-1	-5.829281E-2
1.199826E0	8.825491E-1	-4.788099E-2
1.216490E0	9.274343E-1	-2.891706E-2
1.233155E0	9.121260E-1	-6.011380E-2
1.249819E0	8.992343E-1	-7.017719E-2
1.266483E0	9.689242E-1	-5.956770E-2
1.283147E0	1.070006E0	-3.015919E-2
1.299812E0	1.106727E0	-2.699714E-2
1.316476E0	1.112830E0	-5.042809E-2
1.333140E0	1.146287E0	-5.376570E-2
1.349804E0	1.212221E0	-3.866658E-2
1.366469E0	1.237894E0	3.312796E-3
1.383133E0	1.226591E0	-5.622649E-3
1.399797E0	1.221146E0	-4.206587E-2
1.416461E0	1.235701E0	-5.509019E-2
1.433126E0	1.239630E0	-4.297022E-2
1.449790E0	1.223136E0	-4.590982E-2
1.466454E0	1.220536E0	-5.459880E-2
1.483118E0	1.241683E0	-1.842906E-2
1.499783E0	1.294469E0	4.568553E-2
1.516447E0	1.344367E0	5.514748E-2
1.533111E0	1.349743E0	3.679815E-2
1.549775E0	1.339318E0	2.872251E-2
1.566440E0	1.342917E0	2.909793E-2
1.583104E0	1.372069E0	4.846206E-2
1.599768E0	1.381602E0	4.160155E-2
1.616432E0	1.376186E0	2.155445E-2
1.633097E0	1.386148E0	-1.016927E-4
1.649761E0	1.431755E0	2.430338E-2
1.666425E0	1.496070E0	7.803188E-2
1.683089E0	1.522962E0	9.300154E-2
1.699754E0	1.568425E0	8.252132E-2
1.716418E0	1.617868E0	9.897581E-2
1.733082E0	1.631904E0	7.627690E-2
1.749746E0	1.595812E0	2.549458E-2
1.766411E0	1.576082E0	-6.590489E-2
1.783075E0	1.556927E0	-8.396733E-2
1.799739E0	1.559058E0	-4.014878E-2
1.816403E0	1.570637E0	-2.759762E-3
1.833068E0	1.577797E0	-5.572073E-2
1.849732E0	1.573860E0	-1.000728E-1
1.866396E0	1.588768E0	-7.451447E-2
1.883060E0	1.633582E0	-2.976979E-2
1.899725E0	1.694170E0	-6.019699E-3
1.916389E0	1.670480E0	-7.648098E-2
1.933053E0	1.651544E0	-1.503143E-1
1.949717E0	1.696649E0	-1.192422E-1
1.966382E0	1.710956E0	-9.356411E-2
1.983046E0	1.707262E0	-1.188758E-1
1.999710E0	1.701910E0	-1.113570E-1
2.016374E0	1.707128E0	-6.276183E-2
2.033039E0	1.708690E0	-5.027184E-2
2.049703E0	1.697188E0	-8.278217E-2
2.066367E0	1.715661E0	-8.782428E-2
2.083031E0	1.756701E0	-8.098368E-2
2.099696E0	1.732744E0	-9.912536E-2
2.116360E0	1.711304E0	-1.181590E-1
2.133024E0	1.770748E0	-1.029637E-1
2.149688E0	1.887476E0	-6.074178E-2
2.166353E0	1.968388E0	-3.736077E-2
2.183017E0	1.986361E0	-2.170697E-2
2.199681E0	1.983482E0	-3.177250E-2
2.216345E0	2.003270E0	-5.425701E-2
2.233010E0	2.006359E0	-4.871735E-2
2.249674E0	2.009912E0	-5.736701E-2
2.266338E0	2.005071E0	-7.060529E-2
2.283002E0	2.011367E0	-8.293653E-2
2.299667E0	2.024136E0	-7.893301E-2
2.316331E0	2.014781E0	-8.139329E-2
2.332995E0	2.002673E0	-7.695457E-2
2.349659E0	2.006560E0	-6.352254E-2
2.366324E0	2.041599E0	1.149245E-2
2.382988E0	2.114326E0	6.242846E-2
2.399652E0	2.136255E0	7.686956E-2
2.416316E0	2.146644E0	6.019394E-2
2.432981E0	2.136158E0	4.131684E-2
2.449645E0	2.144072E0	3.864350E-2
2.466309E0	2.163759E0	4.478844E-2
2.482973E0	2.163683E0	4.511903E-2
2.499638E0	2.159488E0	4.418456E-2
2.516302E0	2.191598E0	4.107627E-2
2.532966E0	2.266777E0	7.731855E-2
2.549630E0	2.315208E0	1.125717E-1
2.566295E0	2.347137E0	1.155639E-1
2.582959E0	2.400184E0	1.156333E-1
2.599623E0	2.428247E0	1.405650E-1
2.616287E0	2.429183E0	1.206316E-1
2.632952E0	2.393796E0	4.971575E-2
2.649616E0	2.385971E0	1.416495E-3
2.666280E0	2.383235E0	2.384530E-2
2.682944E0	2.394154E0	1.196151E-1
2.699609E0	2.380667E0	1.671268E-1
2.716273E0	2.383950E0	1.547286E-1
2.732937E0	2.392295E0	1.595493E-1
2.749601E0	2.421274E0	1.646480E-1
2.766266E0	2.403267E0	1.006056E-1
2.782930E0	2.385857E0	-4.050574E-3
2.799594E0	2.425405E0	-3.294070E-2
2.816258E0	2.441951E0	-1.636403E-2
2.832923E0	2.430466E0	-2.614024E-2
2.849587E0	2.421095E0	-4.139537E-2
2.866251E0	2.415612E0	6.038667E-3
2.882915E0	2.416875E0	3.395426E-2
2.899580E0	2.405707E0	1.117422E-2
2.916244E0	2.411523E0	-1.543712E-2
2.932908E0	2.430790E0	-4.400005E-2
2.949573E0	2.440314E0	-8.069770E-2
2.966237E0	2.466589E0	-1.041402E-1
2.982901E0	2.519733E0	-9.098900E-2
2.999565E0	2.593321E0	-6.279724E-2
3.016230E0	2.641131E0	-5.813662E-2
3.032894E0	2.665975E0	-6.668533E-2
3.049558E0	2.669728E0	-7.524679E-2
3.066222E0	2.684184E0	-8.796426E-2
3.082887E0	2.691734E0	-9.200759E-2
3.099551E0	2.693544E0	-9.757883E-2
3.116215E0	2.691601E0	-1.097766E-1
3.132879E0	2.690982E0	-1.165218E-1
3.149544E0	2.690542E0	-1.164329E-1
3.166208E0	2.683777E0	-1.191991E-1
3.182872E0	2.676708E0	-1.278657E-1
3.199536E0	2.681780E0	-1.265078E-1
3.216201E0	2.722104E0	-5.464348E-2
3.232865E0	2.790324E0	3.942218E-3
3.249529E0	2.816612E0	3.808133E-2
3.266193E0	2.828157E0	1.764004E-2
3.282858E0	2.818433E0	-9.686635E-3
3.299522E0	2.823621E0	-1.450434E-2
3.316186E0	2.848723E0	-2.601544E-3
3.332850E0	2.851165E0	1.072224E-2
3.349515E0	2.840289E0	7.050468E-3
3.366179E0	2.862664E0	-2.405581E-3
3.382843E0	2.930124E0	2.174857E-2
3.399507E0	2.986534E0	4.900577E-2
3.416172E0	3.022934E0	4.789539E-2
3.432836E0	3.068616E0	4.257780E-2
3.449500E0	3.099177E0	5.721263E-2
3.466164E0	3.099289E0	4.242518E-2
3.482829E0	3.067154E0	-2.118259E-2
3.499493E0	3.068381E0	-7.363585E-2
3.516157E0	3.056788E0	-6.401246E-2
3.532821E0	3.064257E0	1.929075E-2
3.549486E0	3.056437E0	7.766177E-2
3.566150E0	3.047527E0	9.101612E-2
3.582814E0	3.067917E0	1.140213E-1
3.599478E0	3.078652E0	1.106687E-1
3.616143E0	3.056092E0	5.498621E-2
3.632807E0	3.036648E0	-1.307916E-2
3.649471E0	3.042650E0	-1.378132E-2
3.666135E0	3.056452E0	2.982201E-3
3.682800E0	3.044724E0	-2.396224E-3
3.699464E0	3.025809E0	9.292394E-3
3.716128E0	3.011402E0	7.127464E-2
3.732792E0	3.014224E0	7.991415E-2
3.749457E0	2.986187E0	4.808158E-2
3.766121E0	2.988943E0	2.504889E-2
3.782785E0	3.027769E0	-1.078231E-2
3.799449E0	3.056430E0	-3.574909E-2
3.816114E0	3.087697E0	-4.232230E-2
3.832778E0	3.141279E0	-3.135132E-2
3.849442E0	3.207833E0	-1.367203E-2
3.866106E0	3.246731E0	-1.139273E-2
3.882771E0	3.255369E0	-1.700754E-2
3.899435E0	3.278807E0	-2.712953E-2
3.916099E0	3.312044E0	-2.614351E-2
3.932763E0	3.311629E0	-1.126102E-2
3.949428E0	3.317005E0	-6.683732E-3
3.966092E0	3.311499E0	-1.845169E-2
3.982756E0	3.314846E0	-3.058877E-2
3.999420E0	3.323046E0	-1.849118E-2
4.016085E0	3.315415E0	-2.743471E-2
4.032749E0	3.305161E0	-3.108790E-2
4.049413E0	3.315925E0	-1.888710E-2
4.066077E0	3.348797E0	5.776030E-2
4.082742E0	3.411322E0	1.083728E-1
4.099406E0	3.423243E0	1.249057E-1
4.116070E0	3.429369E0	9.359252E-2
4.132734E0	3.425251E0	8.419349E-2
4.149399E0	3.433142E0	8.643497E-2
4.166063E0	3.458259E0	9.443782E-2
4.182727E0	3.459765E0	9.187926E-2
4.199391E0	3.443090E0	9.287788E-2
4.216056E0	3.466733E0	9.599542E-2
4.232720E0	3.554306E0	1.316131E-1
4.249384E0	3.616136E0	1.675242E-1
4.266048E0	3.651718E0	1.843022E-1
4.282713E0	3.716507E0	2.123662E-1
4.299377E0	3.738405E0	1.863005E-1
4.316041E0	3.742918E0	1.646131E-1
4.332705E0	3.723465E0	1.895959E-1
4.349370E0	3.718277E0	1.752539E-1
4.366034E0	3.711523E0	2.020983E-1
4.382698E0	3.710245E0	2.535818E-1
4.399362E0	3.717776E0	2.773991E-1
4.416027E0	3.691728E0	3.116122E-1
4.432691E0	3.695221E0	3.752785E-1
4.449355E0	3.700960E0	3.844944E-1
4.466019E0	3.699983E0	3.612841E-1
4.482684E0	3.689715E0	3.265016E-1
4.499348E0	3.697121E0	2.856651E-1
4.516012E0	3.711630E0	2.766660E-1
4.532676E0	3.707575E0	2.858215E-1
4.549341E0	3.694009E0	3.310748E-1
4.566005E0	3.696869E0	3.771372E-1
4.582669E0	3.678888E0	3.718371E-1
4.599333E0	3.649710E0	3.321693E-1
4.615998E0	3.661932E0	2.799711E-1
4.632662E0	3.705654E0	2.198132E-1
4.649326E0	3.730774E0	1.862251E-1
4.665990E0	3.758419E0	1.814668E-1
4.682655E0	3.819312E0	2.067935E-1
4.699319E0	3.889210E0	2.302209E-1
4.715983E0	3.925639E0	2.295820E-1
4.732647E0	3.935299E0	2.220867E-1
4.749312E0	3.958462E0	2.163647E-1
4.765976E0	3.973636E0	2.130873E-1
4.782640E0	3.976654E0	1.977755E-1
4.799304E0	3.976748E0	1.812537E-1
4.815969E0	3.974326E0	1.781674E-1
4.832633E0	3.984603E0	1.843981E-1
4.849297E0	3.997226E0	1.895010E-1
4.865961E0	3.980601E0	1.831348E-1
4.882626E0	3.970876E0	1.854341E-1
4.899290E0	3.977371E0	1.988850E-1
4.915954E0	4.008383E0	2.656549E-1
4.932618E0	4.083556E0	3.224104E-1
4.949283E0	4.104738E0	3.564618E-1
4.965947E0	4.106686E0	3.322353E-1
4.982611E0	4.101051E0	3.009076E-1
4.999275E0	4.102680E0	2.934800E-1
5.015940E0	4.129160E0	3.077386E-1
5.032604E0	4.129645E0	3.234986E-1
5.049268E0	4.114225E0	3.237312E-1
5.065932E0	4.133398E0	3.243420E-1
5.082597E0	4.212146E0	3.527018E-1
5.099261E0	4.276405E0	3.912805E-1
5.115925E0	4.310026E0	4.068620E-1
5.132589E0	4.366216E0	4.348061E-1
5.149254E0	4.388141E0	3.979733E-1
5.165918E0	4.389532E0	3.441817E-1
5.182582E0	4.364206E0	3.899489E-1
5.199246E0	4.356707E0	4.134300E-1
5.215911E0	4.336518E0	4.332991E-1
5.232575E0	4.309564E0	4.456159E-1
5.249239E0	4.293142E0	4.707274E-1
5.265903E0	4.269089E0	4.802748E-1
5.282568E0	4.273427E0	4.815997E-1
5.299232E0	4.270744E0	4.703586E-1
5.315896E0	4.281908E0	4.289846E-1
5.332560E0	4.275401E0	4.211454E-1
5.349225E0	4.289642E0	3.898576E-1
5.365889E0	4.319891E0	3.575371E-1
5.382553E0	4.328649E0	3.391649E-1
5.399217E0	4.327604E0	3.731720E-1
5.415882E0	4.338782E0	4.065831E-1
5.432546E0	4.328289E0	4.196432E-1
5.449210E0	4.311261E0	3.892423E-1
5.465874E0	4.322159E0	3.229239E-1
5.482539E0	4.358145E0	2.423227E-1
5.499203E0	4.376688E0	1.879896E-1
5.515867E0	4.416033E0	1.970278E-1
5.532531E0	4.485716E0	2.369562E-1
5.549196E0	4.546904E0	2.498252E-1
5.565860E0	4.573919E0	2.445493E-1
5.582524E0	4.574597E0	2.400387E-1
5.599188E0	4.595294E0	2.346123E-1
5.615853E0	4.608796E0	2.322798E-1
5.632517E0	4.608933E0	2.228565E-1
5.649181E0	4.612763E0	2.046518E-1
5.665845E0	4.620497E0	2.007657E-1
5.682510E0	4.624128E0	2.097143E-1
5.699174E0	4.630970E0	2.205745E-1
5.715838E0	4.613214E0	2.105143E-1
5.732502E0	4.607455E0	1.994347E-1
5.749167E0	4.627146E0	2.073485E-1
5.765831E0	4.670095E0	2.975538E-1
5.782495E0	4.727766E0	3.530215E-1
5.799160E0	4.749542E0	3.653441E-1
5.815824E0	4.748408E0	3.480703E-1
5.832488E0	4.746015E0	3.220218E-1
5.849152E0	4.754036E0	3.178165E-1
5.865817E0	4.775149E0	3.214027E-1
5.882481E0	4.764799E0	3.371793E-1
5.899145E0	4.761349E0	3.377679E-1
5.915809E0	4.807799E0	3.481258E-1
5.932474E0	4.883366E0	3.873725E-1
5.949138E0	4.923014E0	4.038516E-1
5.965802E0	4.957007E0	4.036957E-1
5.982466E0	5.013447E0	4.178338E-1
5.999131E0	5.021018E0	3.649972E-1
6.015795E0	5.014655E0	3.116415E-1
6.032459E0	4.972631E0	3.359699E-1
6.049123E0	4.960063E0	3.708173E-1
6.065788E0	4.928885E0	3.832509E-1
6.082452E0	4.911848E0	3.747726E-1
6.099116E0	4.905179E0	3.803811E-1
6.115780E0	4.885446E0	3.875032E-1
6.132445E0	4.888269E0	3.952630E-1
6.149109E0	4.885839E0	3.656721E-1
6.165773E0	4.907580E0	3.286295E-1
6.182437E0	4.924737E0	3.709593E-1
6.199102E0	4.963131E0	3.796937E-1
6.215766E0	5.001370E0	3.710032E-1
6.232430E0	4.994537E0	3.793295E-1
6.249094E0	4.991834E0	3.893134E-1
6.265759E0	5.000524E0	3.604296E-1
6.282423E0	4.995212E0	3.619710E-1
6.299087E0	4.983748E0	3.309142E-1
6.315751E0	4.977294E0	2.728469E-1
6.332416E0	4.990315E0	1.813789E-1
6.349080E0	5.030544E0	1.318721E-1
6.365744E0	5.086472E0	1.657279E-1
6.382408E0	5.149754E0	2.056112E-1
6.399073E0	5.195721E0	1.980354E-1
6.415737E0	5.209440E0	1.870959E-1
6.432401E0	5.231686E0	1.711286E-1
6.449065E0	5.269200E0	1.741079E-1
6.465730E0	5.279770E0	1.827363E-1
6.482394E0	5.284515E0	1.876006E-1
6.499058E0	5.281197E0	1.796928E-1
6.515722E0	5.279006E0	1.724246E-1
6.532387E0	5.293906E0	1.822670E-1
6.549051E0	5.304750E0	1.960834E-1
6.565715E0	5.290485E0	1.913744E-1
6.582379E0	5.287141E0	1.916241E-1
6.599044E0	5.311366E0	2.286412E-1
6.615708E0	5.354104E0	2.900548E-1
6.632372E0	5.382115E0	3.318996E-1
6.649036E0	5.388896E0	3.258009E-1
6.665701E0	5.387466E0	2.886224E-1
6.682365E0	5.392215E0	2.878554E-1
6.699029E0	5.413032E0	3.137603E-1
6.715693E0	5.414135E0	3.186362E-1
6.732358E0	5.405717E0	3.102296E-1
6.749022E0	5.412796E0	2.888658E-1
6.765686E0	5.477089E0	3.038347E-1
6.782350E0	5.547218E0	3.444995E-1
6.799015E0	5.567738E0	3.663198E-1
6.815679E0	5.608785E0	3.817106E-1
6.832343E0	5.648469E0	3.922900E-1
6.849007E0	5.663264E0	3.506516E-1
6.865672E0	5.649946E0	2.909217E-1
6.882336E0	5.612157E0	3.101197E-1
6.899000E0	5.596794E0	3.485301E-1
6.915664E0	5.565179E0	3.790931E-1
6.932329E0	5.552128E0	3.938610E-1
6.948993E0	5.552308E0	3.944456E-1
6.965657E0	5.536200E0	3.992052E-1
6.982321E0	5.534927E0	4.009121E-1
6.998986E0	5.542548E0	3.493250E-1
7.015650E0	5.565083E0	3.215262E-1
7.032314E0	5.599682E0	3.475317E-1
7.048978E0	5.648915E0	3.438164E-1
7.065643E0	5.668127E0	3.443539E-1
7.082307E0	5.648558E0	3.786524E-1
7.098971E0	5.649601E0	3.885767E-1
7.115635E0	5.660465E0	3.805192E-1
7.132300E0	5.656739E0	3.786672E-1
7.148964E0	5.655940E0	3.449296E-1
7.165628E0	5.654738E0	2.745419E-1
7.182292E0	5.677097E0	1.880094E-1
7.198957E0	5.723238E0	1.611424E-1
7.215621E0	5.793791E0	1.996512E-1
7.232285E0	5.854954E0	2.180809E-1
7.248949E0	5.889082E0	2.120623E-1
7.265614E0	5.905622E0	2.070572E-1
7.282278E0	5.927443E0	2.130469E-1
7.298942E0	5.979253E0	2.365661E-1
7.315606E0	6.015382E0	2.790127E-1
7.332271E0	6.040709E0	2.944143E-1
7.348935E0	6.036972E0	2.720223E-1
7.365599E0	6.033732E0	2.591022E-1
7.382263E0	6.050587E0	2.582362E-1
7.398928E0	6.063875E0	2.507974E-1
7.415592E0	6.058412E0	2.536806E-1
7.432256E0	6.062047E0	3.050056E-1
7.448920E0	6.090896E0	3.355429E-1
7.465585E0	6.120625E0	3.290907E-1
7.482249E0	6.154921E0	3.212741E-1
7.498913E0	6.159337E0	3.155106E-1
7.515577E0	6.144225E0	3.083407E-1
7.532242E0	6.175173E0	3.113922E-1
7.548906E0	6.194184E0	3.122510E-1
7.565570E0	6.194051E0	2.977220E-1
7.582234E0	6.206518E0	2.872355E-1
7.598899E0	6.233643E0	3.086242E-1
7.615563E0	6.263607E0	3.315319E-1
7.632227E0	6.300563E0	3.145425E-1
7.648891E0	6.361858E0	3.219125E-1
7.665556E0	6.394429E0	3.197465E-1
7.682220E0	6.391546E0	2.692683E-1
7.698884E0	6.373080E0	2.216844E-1
7.715548E0	6.327496E0	2.499288E-1
7.732213E0	6.302429E0	2.954402E-1
7.748877E0	6.276916E0	3.260697E-1
7.765541E0	6.264632E0	3.405962E-1
7.782205E0	6.266150E0	3.447395E-1
7.798870E0	6.261180E0	3.592870E-1
7.815534E0	6.259892E0	3.557005E-1
7.832198E0	6.275053E0	2.841121E-1
7.848862E0	6.298986E0	2.834850E-1
7.865527E0	6.325221E0	3.092936E-1
7.882191E0	6.368218E0	3.066809E-1
7.898855E0	6.379408E0	3.024794E-1
7.915519E0	6.366379E0	3.214660E-1
7.932184E0	6.371919E0	3.193687E-1
7.948848E0	6.378054E0	3.125715E-1
7.965512E0	6.370810E0	2.954533E-1
7.982176E0	6.362293E0	2.544939E-1
7.998841E0	6.359209E0	1.800486E-1
8.015505E0	6.386010E0	9.272781E-2
8.032169E0	6.439206E0	8.790786E-2
8.048833E0	6.502315E0	1.365703E-1
8.065498E0	6.557827E0	1.521091E-1
8.082162E0	6.591110E0	1.437883E-1
8.098826E0	6.601537E0	1.360687E-1
8.115490E0	6.631283E0	1.437596E-1
8.132155E0	6.692578E0	1.669425E-1
8.148819E0	6.717716E0	2.023335E-1
8.165483E0	6.724040E0	1.993762E-1
8.182147E0	6.719187E0	1.785442E-1
8.198812E0	6.731865E0	1.849285E-1
8.215476E0	6.742142E0	1.883137E-1
8.232140E0	6.734234E0	1.746591E-1
8.248804E0	6.732591E0	1.862351E-1
8.265469E0	6.748448E0	2.531555E-1
8.282133E0	6.790729E0	2.617509E-1
8.298797E0	6.822924E0	2.557914E-1
8.315461E0	6.848039E0	2.487358E-1
8.332126E0	6.846729E0	2.392063E-1
8.348790E0	6.843654E0	2.413546E-1
8.365454E0	6.874393E0	2.444184E-1
8.382118E0	6.887254E0	2.410304E-1
8.398783E0	6.891594E0	2.121832E-1
8.415447E0	6.905874E0	2.103329E-1
8.432111E0	6.935610E0	2.428473E-1
8.448775E0	6.966172E0	2.501512E-1
8.465440E0	7.002227E0	2.226853E-1
8.482104E0	7.053686E0	2.278466E-1
8.498768E0	7.066349E0	2.199208E-1
8.515432E0	7.063214E0	1.557227E-1
8.532097E0	7.039130E0	1.258901E-1
8.548761E0	7.007919E0	1.721755E-1
8.565425E0	6.991202E0	2.117574E-1
8.582089E0	6.964049E0	2.550381E-1
8.598754E0	6.954719E0	2.614646E-1
8.615418E0	6.945055E0	2.704882E-1
8.632082E0	6.942383E0	2.819984E-1
8.648746E0	6.935960E0	2.737912E-1
8.665411E0	6.959725E0	2.031526E-1
8.682075E0	6.982261E0	2.174695E-1
8.698739E0	7.015709E0	2.355798E-1
8.715404E0	7.048366E0	2.334814E-1
8.732068E0	7.047501E0	2.385533E-1
8.748732E0	7.037910E0	2.689678E-1
8.765396E0	7.049712E0	2.452385E-1
8.782061E0	7.051961E0	2.397240E-1
8.798725E0	7.043562E0	2.316544E-1
8.815389E0	7.040888E0	1.953987E-1
8.832053E0	7.047128E0	1.175159E-1
8.848718E0	7.082619E0	4.292809E-2
8.865382E0	7.131059E0	5.680209E-2
8.882046E0	7.200805E0	9.814923E-2
8.898710E0	7.249058E0	1.002119E-1
8.915375E0	7.276279E0	9.807192E-2
8.932039E0	7.284146E0	1.007264E-1
8.948703E0	7.317895E0	1.129481E-1
8.965367E0	7.380784E0	1.402596E-1
8.982032E0	7.394826E0	1.636346E-1
8.998696E0	7.395700E0	1.496475E-1
9.015360E0	7.396625E0	1.428125E-1
9.032024E0	7.414305E0	1.486309E-1
9.048689E0	7.420007E0	1.462851E-1
9.065353E0	7.414846E0	1.392078E-1
9.082017E0	7.417268E0	1.526779E-1
9.098681E0	7.445781E0	2.195770E-1
9.115346E0	7.480279E0	2.246951E-1
9.132010E0	7.512913E0	2.182501E-1
9.148674E0	7.537871E0	2.116711E-1
9.165338E0	7.526663E0	2.018672E-1
9.182003E0	7.533181E0	2.063943E-1
9.198667E0	7.560619E0	2.084521E-1
9.215331E0	7.569731E0	1.935653E-1
9.231995E0	7.575365E0	1.728666E-1
9.248660E0	7.593697E0	1.851574E-1
9.265324E0	7.626271E0	2.194080E-1
9.281988E0	7.654631E0	2.072310E-1
9.298652E0	7.692581E0	1.807930E-1
9.315317E0	7.744572E0	1.977797E-1
9.331981E0	7.754608E0	1.828916E-1
9.348645E0	7.753086E0	1.139965E-1
9.365309E0	7.722132E0	1.159034E-1
9.381974E0	7.695152E0	1.769578E-1
9.398638E0	7.669834E0	2.228175E-1
9.415302E0	7.638751E0	2.782208E-1
9.431966E0	7.634222E0	2.950499E-1
9.448631E0	7.631020E0	3.072311E-1
9.465295E0	7.633418E0	3.040612E-1
9.481959E0	7.631514E0	2.897173E-1
9.498623E0	7.645180E0	2.391426E-1
9.515288E0	7.667568E0	2.692067E-1
9.531952E0	7.707052E0	2.846423E-1
9.548616E0	7.745844E0	2.769694E-1
9.565280E0	7.747401E0	2.933149E-1
9.581945E0	7.739888E0	3.183582E-1
9.598609E0	7.749866E0	2.930818E-1
9.615273E0	7.743786E0	3.022734E-1
9.631937E0	7.733615E0	2.855917E-1
9.648602E0	7.740367E0	2.445164E-1
9.665266E0	7.764115E0	1.572908E-1
9.681930E0	7.799508E0	1.056222E-1
9.698594E0	7.857318E0	1.387854E-1
9.715259E0	7.917370E0	1.767883E-1
9.731923E0	7.964841E0	1.716044E-1
9.748587E0	7.981534E0	1.642518E-1
9.765251E0	7.998765E0	1.621164E-1
9.781916E0	8.050836E0	1.752216E-1
9.798580E0	8.100112E0	1.980316E-1
9.815244E0	8.104310E0	2.117368E-1
9.831908E0	8.097922E0	2.054659E-1
9.848573E0	8.105843E0	2.001350E-1
9.865237E0	8.133578E0	2.095448E-1
9.881901E0	8.136726E0	1.981487E-1
9.898565E0	8.136535E0	1.909046E-1
9.915230E0	8.137133E0	2.227378E-1
9.931894E0	8.167969E0	2.748769E-1
9.948558E0	8.190497E0	2.836015E-1
9.965222E0	8.228346E0	2.715557E-1
9.981887E0	8.250554E0	2.673730E-1
9.998551E0	8.236638E0	2.619364E-1
1.001522E1	8.252972E0	2.635310E-1
1.003188E1	8.281494E0	2.586552E-1
1.004854E1	8.288907E0	2.431879E-1
1.006521E1	8.299689E0	2.290947E-1
1.008187E1	8.315926E0	2.518993E-1
1.009854E1	8.340064E0	2.792531E-1
1.011520E1	8.370013E0	2.629982E-1
1.013186E1	8.414512E0	2.456102E-1
1.014853E1	8.456043E0	2.581127E-1
1.016519E1	8.466604E0	2.342683E-1
1.018186E1	8.452769E0	1.766798E-1
1.019852E1	8.412068E0	1.942492E-1
1.021519E1	8.386191E0	2.653052E-1
1.023185E1	8.361080E0	3.211693E-1
1.024851E1	8.345232E0	3.809519E-1
1.026518E1	8.348526E0	3.905299E-1
1.028184E1	8.336552E0	3.987207E-1
1.029851E1	8.336041E0	4.051332E-1
1.031517E1	8.336096E0	3.685290E-1
1.033184E1	8.359752E0	3.263320E-1
1.034850E1	8.375072E0	3.556829E-1
1.036516E1	8.417708E0	3.534605E-1
1.038183E1	8.447962E0	3.440773E-1
1.039849E1	8.433655E0	3.597415E-1
1.041516E1	8.428650E0	3.809146E-1
1.043182E1	8.442753E0	3.680193E-1
1.044849E1	8.439293E0	3.713538E-1
1.046515E1	8.436080E0	3.380733E-1
1.048181E1	8.442964E0	2.883563E-1
1.049848E1	8.463450E0	1.965379E-1
1.051514E1	8.504644E0	1.688584E-1
1.053181E1	8.564113E0	2.124920E-1
1.054847E1	8.621442E0	2.348909E-1
1.056514E1	8.664906E0	2.283644E-1
1.058180E1	8.687492E0	2.253773E-1
1.059846E1	8.708938E0	2.318865E-1
1.061513E1	8.766109E0	2.528639E-1
1.063179E1	8.803318E0	2.842757E-1
1.064846E1	8.804292E0	2.922537E-1
1.066512E1	8.802745E0	2.832451E-1
1.068179E1	8.813285E0	2.847840E-1
1.069845E1	8.841779E0	2.869713E-1
1.071511E1	8.840074E0	2.752163E-1
1.073178E1	8.837595E0	2.603828E-1
1.074844E1	8.843131E0	2.974032E-1
1.076511E1	8.877060E0	3.549686E-1
1.078177E1	8.900027E0	3.579724E-1
1.079843E1	8.925954E0	3.375425E-1
1.081510E1	8.944898E0	3.233238E-1
1.083176E1	8.929507E0	3.292467E-1
1.084843E1	8.957911E0	3.275690E-1
1.086509E1	8.984890E0	3.275633E-1
1.088176E1	8.986654E0	3.157040E-1
1.089842E1	8.994841E0	3.021265E-1
1.091508E1	9.020289E0	3.242690E-1
1.093175E1	9.042683E0	3.499880E-1
1.094841E1	9.081627E0	3.333977E-1
1.096508E1	9.131581E0	3.287448E-1
1.098174E1	9.167132E0	3.430323E-1
1.099841E1	9.170591E0	3.042267E-1
1.101507E1	9.153340E0	2.476126E-1
1.103173E1	9.101969E0	2.753297E-1
1.104840E1	9.083920E0	3.252374E-1
1.106506E1	9.058044E0	3.660738E-1
1.108173E1	9.039918E0	4.035895E-1
1.109839E1	9.035840E0	4.089902E-1
1.111506E1	9.027976E0	4.265445E-1
1.113172E1	9.022707E0	4.269510E-1
1.114838E1	9.031326E0	3.764162E-1
1.116505E1	9.060358E0	3.403832E-1
1.118171E1	9.078674E0	3.737076E-1
1.119838E1	9.117389E0	3.723979E-1
1.121504E1	9.136042E0	3.647328E-1
1.123171E1	9.121841E0	3.892297E-1
1.124837E1	9.127999E0	4.038812E-1
1.126503E1	9.134015E0	3.951000E-1
1.128170E1	9.131280E0	3.834906E-1
1.129836E1	9.126870E0	3.528563E-1
1.131503E1	9.124379E0	2.952064E-1
1.133169E1	9.147331E0	2.045798E-1
1.134836E1	9.191469E0	1.953642E-1
1.136502E1	9.263720E0	2.415001E-1
1.138168E1	9.318728E0	2.560454E-1
1.139835E1	9.360154E0	2.510756E-1
1.141501E1	9.381515E0	2.568201E-1
1.143168E1	9.396502E0	2.643670E-1
1.144834E1	9.453319E0	2.798840E-1
1.146500E1	9.494435E0	3.175640E-1
1.148167E1	9.502996E0	3.329682E-1
1.149833E1	9.506375E0	3.237045E-1
1.151500E1	9.505446E0	3.100515E-1
1.153166E1	9.519319E0	3.104743E-1
1.154833E1	9.524648E0	3.000993E-1
1.156499E1	9.531763E0	3.098987E-1
1.158165E1	9.542118E0	3.587268E-1
1.159832E1	9.561138E0	3.792885E-1
1.161498E1	9.579116E0	3.758962E-1
1.163165E1	9.612389E0	3.717370E-1
1.164831E1	9.624686E0	3.655251E-1
1.166498E1	9.612770E0	3.666428E-1
1.168164E1	9.638114E0	3.645858E-1
1.169830E1	9.659474E0	3.641559E-1
1.171497E1	9.659996E0	3.500157E-1
1.173163E1	9.666147E0	3.463451E-1
1.174830E1	9.692261E0	3.686212E-1
1.176496E1	9.726394E0	3.942582E-1
1.178163E1	9.763699E0	3.703629E-1
1.179829E1	9.814514E0	3.770683E-1
1.181495E1	9.847686E0	3.940021E-1
1.183162E1	9.853552E0	3.501556E-1
1.184828E1	9.833401E0	2.999787E-1
1.186495E1	9.788199E0	3.388638E-1
1.188161E1	9.768151E0	4.033418E-1
1.189828E1	9.746513E0	4.526604E-1
1.191494E1	9.728655E0	4.987155E-1
1.193160E1	9.730603E0	5.094479E-1
1.194827E1	9.725436E0	5.231895E-1
1.196493E1	9.726603E0	5.229419E-1
1.198160E1	9.740405E0	4.620323E-1
1.199826E1	9.761585E0	4.512491E-1
1.201493E1	9.781719E0	4.794079E-1
1.203159E1	9.826361E0	4.832177E-1
1.204825E1	9.847039E0	4.809328E-1
1.206492E1	9.834083E0	5.072189E-1
1.208158E1	9.841436E0	5.109050E-1
1.209825E1	9.845153E0	5.109295E-1
1.211491E1	9.837126E0	4.975738E-1
1.213158E1	9.834759E0	4.681925E-1
1.214824E1	9.840710E0	4.002733E-1
1.216490E1	9.872515E0	3.306748E-1
1.218157E1	9.922953E0	3.414872E-1
1.219823E1	9.988858E0	3.806305E-1
1.221490E1	1.004322E1	3.908589E-1
1.223156E1	1.008513E1	3.973717E-1
1.224822E1	1.010481E1	4.114817E-1
1.226489E1	1.012236E1	4.183386E-1
1.228155E1	1.017712E1	4.320381E-1
1.229822E1	1.020397E1	4.705834E-1
1.231488E1	1.021482E1	4.852295E-1
1.233155E1	1.021643E1	4.748837E-1
1.234821E1	1.022669E1	4.691057E-1
1.236487E1	1.023491E1	4.688562E-1
1.238154E1	1.023827E1	4.594535E-1
1.239820E1	1.024389E1	4.747585E-1
1.241487E1	1.025483E1	5.437218E-1
1.243153E1	1.028259E1	5.508434E-1
1.244820E1	1.030830E1	5.398080E-1
1.246486E1	1.033705E1	5.319106E-1
1.248152E1	1.033730E1	5.231084E-1
1.249819E1	1.033522E1	5.262992E-1
1.251485E1	1.037005E1	5.296003E-1
1.253152E1	1.038055E1	5.251361E-1
1.254818E1	1.037994E1	5.058818E-1
1.256485E1	1.039311E1	5.092932E-1
1.258151E1	1.041786E1	5.456084E-1
1.259817E1	1.044736E1	5.583718E-1
1.261484E1	1.048767E1	5.388731E-1
1.263150E1	1.054110E1	5.562225E-1
1.264817E1	1.056670E1	5.629479E-1
1.266483E1	1.056999E1	5.039386E-1
1.268150E1	1.053684E1	4.783610E-1
1.269816E1	1.049523E1	5.366796E-1
1.271482E1	1.047729E1	5.869874E-1
1.273149E1	1.045070E1	6.452319E-1
1.274815E1	1.044075E1	6.703394E-1
1.276482E1	1.043401E1	6.775736E-1
1.278148E1	1.043335E1	6.875115E-1
1.279815E1	1.042971E1	6.740855E-1
1.281481E1	1.045526E1	6.013076E-1
1.283147E1	1.046810E1	6.151401E-1
1.284814E1	1.049699E1	6.249206E-1
1.286480E1	1.052892E1	6.125646E-1
1.288147E1	1.053027E1	6.127014E-1
1.289813E1	1.052821E1	6.405280E-1
1.291479E1	1.053960E1	6.427130E-1
1.293146E1	1.054276E1	6.407228E-1
1.294812E1	1.053556E1	6.215541E-1
1.296479E1	1.053496E1	5.868724E-1
1.298145E1	1.053733E1	5.119720E-1
1.299812E1	1.057242E1	4.474534E-1
1.301478E1	1.063028E1	4.711651E-1
1.303144E1	1.069788E1	5.135280E-1
1.304811E1	1.075683E1	5.137658E-1
1.306477E1	1.079744E1	5.200644E-1
1.308144E1	1.081212E1	5.371605E-1
1.309810E1	1.083315E1	5.409026E-1
1.311477E1	1.087971E1	5.585023E-1
1.313143E1	1.089633E1	5.914724E-1
1.314809E1	1.091117E1	5.946720E-1
1.316476E1	1.091170E1	5.842810E-1
1.318142E1	1.092313E1	5.846210E-1
1.319809E1	1.092304E1	5.780012E-1
1.321475E1	1.092845E1	5.660636E-1
1.323142E1	1.092839E1	5.942068E-1
1.324808E1	1.094777E1	6.529669E-1
1.326474E1	1.097421E1	6.582493E-1
1.328141E1	1.100262E1	6.440493E-1
1.329807E1	1.102864E1	6.405668E-1
1.331474E1	1.101661E1	6.354600E-1
1.333140E1	1.102265E1	6.347112E-1
1.334807E1	1.105389E1	6.332513E-1
1.336473E1	1.106201E1	6.230345E-1
1.338139E1	1.106390E1	6.037784E-1
1.339806E1	1.107550E1	6.144176E-1
1.341472E1	1.109904E1	6.497075E-1
1.343139E1	1.113414E1	6.424309E-1
1.344805E1	1.117427E1	6.236107E-1
1.346472E1	1.122026E1	6.393653E-1
1.348138E1	1.123321E1	6.262636E-1
1.349804E1	1.122702E1	5.560307E-1
1.351471E1	1.119209E1	5.506492E-1
1.353137E1	1.115414E1	6.145474E-1
1.354804E1	1.113606E1	6.619379E-1
1.356470E1	1.110810E1	7.297085E-1
1.358136E1	1.110685E1	7.396017E-1
1.359803E1	1.109909E1	7.483388E-1
1.361469E1	1.110362E1	7.529833E-1
1.363136E1	1.110406E1	7.239085E-1
1.364802E1	1.112846E1	6.673911E-1
1.366469E1	1.114201E1	6.817200E-1
1.368135E1	1.117462E1	6.851882E-1
1.369801E1	1.120650E1	6.701968E-1
1.371468E1	1.120900E1	6.776300E-1
1.373134E1	1.120441E1	7.055864E-1
1.374801E1	1.121620E1	7.049274E-1
1.376467E1	1.121671E1	7.076765E-1
1.378134E1	1.121721E1	6.937302E-1
1.379800E1	1.121739E1	6.547500E-1
1.381466E1	1.122705E1	5.685956E-1
1.383133E1	1.127040E1	5.105639E-1
1.384799E1	1.133773E1	5.376053E-1
1.386466E1	1.140278E1	5.747562E-1
1.388132E1	1.144876E1	5.604386E-1
1.389799E1	1.148007E1	5.621312E-1
1.391465E1	1.148756E1	5.630732E-1
1.393131E1	1.152829E1	5.670882E-1
1.394798E1	1.157887E1	5.984129E-1
1.396464E1	1.159021E1	6.180319E-1
1.398131E1	1.159362E1	6.067736E-1
1.399797E1	1.158801E1	5.936493E-1
1.401464E1	1.160956E1	5.964965E-1
1.403130E1	1.161042E1	5.951818E-1
1.404796E1	1.160887E1	5.878437E-1
1.406463E1	1.161521E1	6.225122E-1
1.408129E1	1.164273E1	6.804327E-1
1.409796E1	1.166581E1	6.761718E-1
1.411462E1	1.169434E1	6.619155E-1
1.413129E1	1.171427E1	6.572154E-1
1.414795E1	1.170634E1	6.543940E-1
1.416461E1	1.172133E1	6.599254E-1
1.418128E1	1.174398E1	6.579454E-1
1.419794E1	1.174166E1	6.309849E-1
1.421461E1	1.175220E1	6.226451E-1
1.423127E1	1.176963E1	6.439147E-1
1.424793E1	1.179383E1	6.782559E-1
1.426460E1	1.182935E1	6.583378E-1
1.428126E1	1.186316E1	6.263186E-1
1.429793E1	1.189898E1	6.385299E-1
1.431459E1	1.191619E1	6.119474E-1
1.433126E1	1.190635E1	5.446249E-1
1.434792E1	1.185672E1	5.524407E-1
1.436458E1	1.182023E1	6.207746E-1
1.438125E1	1.180013E1	6.734920E-1
1.439791E1	1.177432E1	7.427523E-1
1.441458E1	1.177311E1	7.595803E-1
1.443124E1	1.177525E1	7.699502E-1
1.444791E1	1.177547E1	7.784921E-1
1.446457E1	1.178778E1	7.390732E-1
1.448123E1	1.181293E1	6.914011E-1
1.449790E1	1.182047E1	7.088802E-1
1.451456E1	1.185853E1	7.012150E-1
1.453123E1	1.188083E1	6.841186E-1
1.454789E1	1.187858E1	6.914919E-1
1.456456E1	1.187578E1	7.205151E-1
1.458122E1	1.189225E1	7.188241E-1
1.459788E1	1.189276E1	7.262922E-1
1.461455E1	1.188963E1	7.051219E-1
1.463121E1	1.189401E1	6.545424E-1
1.464788E1	1.190494E1	5.641891E-1
1.466454E1	1.194650E1	5.115420E-1
1.468121E1	1.201517E1	5.377219E-1
1.469787E1	1.207602E1	5.641979E-1
1.471453E1	1.211723E1	5.537609E-1
1.473120E1	1.214524E1	5.608562E-1
1.474786E1	1.215998E1	5.645183E-1
1.476453E1	1.221575E1	5.743198E-1
1.478119E1	1.225783E1	6.071874E-1
1.479786E1	1.226328E1	6.259550E-1
1.481452E1	1.226909E1	6.161516E-1
1.483118E1	1.227138E1	6.099374E-1
1.484785E1	1.229438E1	6.150488E-1
1.486451E1	1.228875E1	6.029820E-1
1.488118E1	1.228854E1	5.964268E-1
1.489784E1	1.229331E1	6.299197E-1
1.491451E1	1.231823E1	6.895438E-1
1.493117E1	1.233812E1	6.868159E-1
1.494783E1	1.236657E1	6.639962E-1
1.496450E1	1.238317E1	6.619587E-1
1.498116E1	1.237363E1	6.618562E-1
1.499783E1	1.238890E1	6.583852E-1
1.501449E1	1.241548E1	6.548361E-1
1.503115E1	1.241995E1	6.422165E-1
1.504782E1	1.242614E1	6.281510E-1
1.506448E1	1.244011E1	6.503383E-1
1.508115E1	1.245938E1	6.826165E-1
1.509781E1	1.249513E1	6.623880E-1
1.511448E1	1.252877E1	6.429935E-1
1.513114E1	1.257377E1	6.538731E-1
1.514780E1	1.258843E1	6.246416E-1
1.516447E1	1.258343E1	5.402095E-1
1.518113E1	1.253194E1	5.462889E-1
1.519780E1	1.249794E1	6.134928E-1
1.521446E1	1.247810E1	6.632360E-1
1.523113E1	1.245812E1	7.279034E-1
1.524779E1	1.244857E1	7.524956E-1
1.526445E1	1.244684E1	7.706909E-1
1.528112E1	1.244570E1	7.771749E-1
1.529778E1	1.245516E1	7.489594E-1
1.531445E1	1.247798E1	7.004097E-1
1.533111E1	1.249528E1	7.196626E-1
1.534778E1	1.253305E1	7.186801E-1
1.536444E1	1.255980E1	6.996186E-1
1.538110E1	1.255256E1	7.121108E-1
1.539777E1	1.255110E1	7.413709E-1
1.541443E1	1.256752E1	7.281651E-1
1.543110E1	1.255901E1	7.338971E-1
1.544776E1	1.255842E1	7.155031E-1
1.546443E1	1.256746E1	6.739561E-1
1.548109E1	1.259514E1	5.825975E-1
1.549775E1	1.263190E1	5.424686E-1
1.551442E1	1.269296E1	5.773464E-1
1.553108E1	1.275615E1	6.067653E-1
1.554775E1	1.279603E1	6.008242E-1
1.556441E1	1.282914E1	6.090559E-1
1.558108E1	1.284274E1	6.159853E-1
1.559774E1	1.289786E1	6.278438E-1
1.561440E1	1.293506E1	6.529677E-1
1.563107E1	1.293740E1	6.724936E-1
1.564773E1	1.294257E1	6.576213E-1
1.566440E1	1.295366E1	6.498692E-1
1.568106E1	1.297338E1	6.566011E-1
1.569772E1	1.296820E1	6.482095E-1
1.571439E1	1.296294E1	6.388277E-1
1.573105E1	1.297220E1	6.754618E-1
1.574772E1	1.300161E1	7.354328E-1
1.576438E1	1.301954E1	7.260998E-1
1.578105E1	1.304430E1	6.972508E-1
1.579771E1	1.305971E1	6.959356E-1
1.581437E1	1.305003E1	6.961620E-1
1.583104E1	1.306920E1	6.978233E-1
1.584770E1	1.309568E1	6.929862E-1
1.586437E1	1.309993E1	6.827623E-1
1.588103E1	1.310339E1	6.726981E-1
1.589770E1	1.311903E1	6.912370E-1
1.591436E1	1.313893E1	7.253118E-1
1.593102E1	1.317645E1	7.053397E-1
1.594769E1	1.321249E1	6.880028E-1
1.596435E1	1.324862E1	7.033058E-1
1.598102E1	1.325812E1	6.752591E-1
1.599768E1	1.325453E1	5.984885E-1
1.601435E1	1.320784E1	6.157406E-1
1.603101E1	1.317882E1	6.921922E-1
1.604767E1	1.316525E1	7.416870E-1
1.606434E1	1.313951E1	8.096093E-1
1.608100E1	1.313015E1	8.400092E-1
1.609767E1	1.312305E1	8.646326E-1
1.611433E1	1.312673E1	8.679921E-1
1.613100E1	1.313108E1	8.457953E-1
1.614766E1	1.314757E1	8.124812E-1
1.616432E1	1.316556E1	8.419959E-1
1.618099E1	1.320773E1	8.437189E-1
1.619765E1	1.323679E1	8.390047E-1
1.621432E1	1.321949E1	8.491076E-1
1.623098E1	1.322467E1	8.777882E-1
1.624765E1	1.323794E1	8.754337E-1
1.626431E1	1.323708E1	8.803068E-1
1.628097E1	1.323561E1	8.513930E-1
1.629764E1	1.324531E1	8.025183E-1
1.631430E1	1.327314E1	7.195967E-1
1.633097E1	1.331502E1	6.823343E-1
1.634763E1	1.338329E1	7.244888E-1
1.636429E1	1.344122E1	7.409430E-1
1.638096E1	1.347784E1	7.326631E-1
1.639762E1	1.350813E1	7.404541E-1
1.641429E1	1.351822E1	7.496203E-1
1.643095E1	1.357478E1	7.633801E-1
1.644762E1	1.361009E1	7.881727E-1
1.646428E1	1.361674E1	8.003496E-1
1.648094E1	1.361711E1	7.883096E-1
1.649761E1	1.362226E1	7.895161E-1
1.651427E1	1.364516E1	7.926941E-1
1.653094E1	1.364575E1	7.791396E-1
1.654760E1	1.364756E1	7.759184E-1
1.656427E1	1.365956E1	8.265194E-1
1.658093E1	1.368534E1	8.687691E-1
1.659759E1	1.370454E1	8.612167E-1
1.661426E1	1.373528E1	8.339945E-1
1.663092E1	1.374661E1	8.346930E-1
1.664759E1	1.373538E1	8.355635E-1
1.666425E1	1.375610E1	8.437242E-1
1.668092E1	1.378447E1	8.377949E-1
1.669758E1	1.378100E1	8.257250E-1
1.671424E1	1.378766E1	8.149083E-1
1.673091E1	1.380427E1	8.391946E-1
1.674757E1	1.382207E1	8.707269E-1
1.676424E1	1.386586E1	8.454412E-1
1.678090E1	1.389799E1	8.309955E-1
1.679757E1	1.392531E1	8.449457E-1
1.681423E1	1.393570E1	8.107785E-1
1.683089E1	1.393688E1	7.460167E-1
1.684756E1	1.389339E1	7.660715E-1
1.686422E1	1.386614E1	8.279119E-1
1.688089E1	1.384840E1	8.762149E-1
1.689755E1	1.381748E1	9.462789E-1
1.691422E1	1.381624E1	9.743504E-1
1.693088E1	1.381416E1	9.902326E-1
1.694754E1	1.381175E1	9.975855E-1
1.696421E1	1.382298E1	9.609528E-1
1.698087E1	1.384749E1	9.179246E-1
1.699754E1	1.386246E1	9.511969E-1
1.701420E1	1.389908E1	9.526900E-1
1.703086E1	1.392304E1	9.416082E-1
1.704753E1	1.391501E1	9.622960E-1
1.706419E1	1.391521E1	9.821722E-1
1.708086E1	1.392673E1	9.610639E-1
1.709752E1	1.392329E1	9.606364E-1
1.711419E1	1.392608E1	9.363787E-1
1.713085E1	1.394019E1	8.926455E-1
1.714751E1	1.397115E1	8.063725E-1
1.716418E1	1.401730E1	7.762245E-1
1.718084E1	1.407963E1	8.183501E-1
1.719751E1	1.414012E1	8.376516E-1
1.721417E1	1.418136E1	8.320253E-1
1.723084E1	1.420699E1	8.470319E-1
1.724750E1	1.422739E1	8.519889E-1
1.726416E1	1.428449E1	8.747386E-1
1.728083E1	1.431783E1	8.981311E-1
1.729749E1	1.432325E1	9.141879E-1
1.731416E1	1.432522E1	9.025408E-1
1.733082E1	1.433314E1	8.972499E-1
1.734749E1	1.435252E1	8.971785E-1
1.736415E1	1.434604E1	8.845441E-1
1.738081E1	1.434757E1	8.800380E-1
1.739748E1	1.436023E1	9.342606E-1
1.741414E1	1.438582E1	9.767277E-1
1.743081E1	1.440411E1	9.657997E-1
1.744747E1	1.443029E1	9.404230E-1
1.746414E1	1.444446E1	9.410657E-1
1.748080E1	1.443236E1	9.425446E-1
1.749746E1	1.445423E1	9.387916E-1
1.751413E1	1.447538E1	9.326997E-1
1.753079E1	1.447178E1	9.165245E-1
1.754746E1	1.447968E1	9.111756E-1
1.756412E1	1.449614E1	9.340590E-1
1.758079E1	1.451443E1	9.560019E-1
1.759745E1	1.455080E1	9.395178E-1
1.761411E1	1.458583E1	9.321487E-1
1.763078E1	1.460934E1	9.514728E-1
1.764744E1	1.462250E1	9.138044E-1
1.766411E1	1.461558E1	8.578754E-1
1.768077E1	1.455989E1	8.815979E-1
1.769744E1	1.452389E1	9.439729E-1
1.771410E1	1.450008E1	9.971488E-1
1.773076E1	1.448249E1	1.057956E0
1.774743E1	1.448218E1	1.075513E0
1.776409E1	1.448211E1	1.087871E0
1.778076E1	1.448245E1	1.094210E0
1.779742E1	1.449851E1	1.049438E0
1.781408E1	1.452456E1	1.007807E0
1.783075E1	1.453649E1	1.036425E0
1.784741E1	1.457486E1	1.034343E0
1.786408E1	1.459786E1	1.021491E0
1.788074E1	1.458872E1	1.033097E0
1.789741E1	1.458813E1	1.053984E0
1.791407E1	1.460116E1	1.047719E0
1.793073E1	1.459929E1	1.050015E0
1.794740E1	1.460508E1	1.023276E0
1.796406E1	1.461542E1	9.789717E-1
1.798073E1	1.465795E1	8.882605E-1
1.799739E1	1.470096E1	8.656135E-1
1.801406E1	1.476442E1	9.080611E-1
1.803072E1	1.482510E1	9.243522E-1
1.804738E1	1.486115E1	9.152464E-1
1.806405E1	1.488757E1	9.184230E-1
1.808071E1	1.490928E1	9.260778E-1
1.809738E1	1.496188E1	9.453840E-1
1.811404E1	1.498279E1	9.796987E-1
1.813071E1	1.499827E1	9.858522E-1
1.814737E1	1.499597E1	9.733361E-1
1.816403E1	1.500129E1	9.678022E-1
1.818070E1	1.502440E1	9.722446E-1
1.819736E1	1.502453E1	9.633486E-1
1.821403E1	1.502341E1	9.683371E-1
1.823069E1	1.503261E1	1.007762E0
1.824736E1	1.506033E1	1.043159E0
1.826402E1	1.507254E1	1.034642E0
1.828068E1	1.510282E1	1.007785E0
1.829735E1	1.511397E1	1.004030E0
1.831401E1	1.510287E1	1.016214E0
1.833068E1	1.512784E1	1.014470E0
1.834734E1	1.514497E1	1.008461E0
1.836401E1	1.514895E1	9.854578E-1
1.838067E1	1.515144E1	9.728902E-1
1.839733E1	1.516647E1	9.950177E-1
1.841400E1	1.518306E1	1.022925E0
1.843066E1	1.521230E1	9.961351E-1
1.844733E1	1.524053E1	9.787715E-1
1.846399E1	1.526737E1	9.805123E-1
1.848065E1	1.527955E1	9.371306E-1
1.849732E1	1.526820E1	8.673555E-1
1.851398E1	1.520352E1	8.918409E-1
1.853065E1	1.516699E1	9.612258E-1
1.854731E1	1.514284E1	1.016106E0
1.856398E1	1.512931E1	1.070848E0
1.858064E1	1.513011E1	1.079684E0
1.859730E1	1.512382E1	1.089408E0
1.861397E1	1.512269E1	1.090582E0
1.863063E1	1.514149E1	1.046845E0
1.864730E1	1.516289E1	1.011830E0
1.866396E1	1.518100E1	1.041665E0
1.868063E1	1.522810E1	1.037987E0
1.869729E1	1.525304E1	1.027713E0
1.871395E1	1.523814E1	1.048785E0
1.873062E1	1.523954E1	1.068277E0
1.874728E1	1.525155E1	1.055447E0
1.876395E1	1.525073E1	1.048578E0
1.878061E1	1.525610E1	1.025564E0
1.879728E1	1.526853E1	9.759153E-1
1.881394E1	1.530393E1	8.886571E-1
1.883060E1	1.534488E1	8.662912E-1
1.884727E1	1.540884E1	9.054911E-1
1.886393E1	1.546021E1	9.183695E-1
1.888060E1	1.550479E1	9.054621E-1
1.889726E1	1.553298E1	9.105488E-1
1.891393E1	1.555312E1	9.148927E-1
1.893059E1	1.560806E1	9.331234E-1
1.894725E1	1.563918E1	9.594027E-1
1.896392E1	1.564575E1	9.748953E-1
1.898058E1	1.565168E1	9.607448E-1
1.899725E1	1.565980E1	9.587540E-1
1.901391E1	1.567700E1	9.572924E-1
1.903058E1	1.566971E1	9.470841E-1
1.904724E1	1.567087E1	9.498568E-1
1.906390E1	1.568028E1	9.902737E-1
1.908057E1	1.570617E1	1.029237E0
1.909723E1	1.572508E1	1.021943E0
1.911390E1	1.575217E1	9.955364E-1
1.913056E1	1.576240E1	1.003620E0
1.914722E1	1.575363E1	1.005449E0
1.916389E1	1.577869E1	1.000818E0
1.918055E1	1.578866E1	9.997762E-1
1.919722E1	1.578559E1	9.847529E-1
1.921388E1	1.579352E1	9.721023E-1
1.923055E1	1.580953E1	9.943901E-1
1.924721E1	1.582165E1	1.025785E0
1.926387E1	1.585865E1	1.001572E0
1.928054E1	1.588173E1	9.913135E-1
1.929720E1	1.591429E1	9.969332E-1
1.931387E1	1.592593E1	9.545127E-1
1.933053E1	1.591377E1	8.851969E-1
1.934720E1	1.584644E1	9.044026E-1
1.936386E1	1.581642E1	9.580071E-1
1.938052E1	1.578908E1	1.011452E0
1.939719E1	1.577085E1	1.063196E0
1.941385E1	1.576873E1	1.079524E0
1.943052E1	1.576538E1	1.095432E0
1.944718E1	1.576686E1	1.100461E0
1.946385E1	1.578149E1	1.064298E0
1.948051E1	1.580811E1	1.025083E0
1.949717E1	1.582407E1	1.054609E0
1.951384E1	1.586049E1	1.051535E0
1.953050E1	1.589204E1	1.032852E0
1.954717E1	1.588406E1	1.053111E0
1.956383E1	1.588418E1	1.076255E0
1.958050E1	1.589249E1	1.067063E0
1.959716E1	1.588818E1	1.070643E0
1.961382E1	1.589549E1	1.041296E0
1.963049E1	1.591063E1	9.948421E-1
1.964715E1	1.594371E1	9.098358E-1
1.966382E1	1.598626E1	8.821411E-1
1.968048E1	1.605028E1	9.242951E-1
1.969715E1	1.610859E1	9.460992E-1
1.971381E1	1.614958E1	9.399234E-1
1.973047E1	1.618053E1	9.512167E-1
1.974714E1	1.621250E1	9.624949E-1
1.976380E1	1.626518E1	9.818878E-1
1.978047E1	1.629710E1	1.010794E0
1.979713E1	1.629691E1	1.020815E0
1.981379E1	1.629363E1	1.009759E0
1.983046E1	1.631221E1	1.012513E0
1.984712E1	1.633625E1	1.012036E0
1.986379E1	1.633018E1	9.990381E-1
1.988045E1	1.632491E1	9.951188E-1
1.989712E1	1.633414E1	1.047393E0
1.991378E1	1.635946E1	1.079179E0
1.993044E1	1.637533E1	1.066219E0
1.994711E1	1.639965E1	1.040299E0
1.996377E1	1.641204E1	1.041854E0
1.998044E1	1.640135E1	1.044282E0
1.999710E1	1.642016E1	1.041840E0
2.001377E1	1.643322E1	1.040686E0
2.003043E1	1.643293E1	1.019859E0
2.004709E1	1.643843E1	1.006752E0
2.006376E1	1.645121E1	1.028084E0
2.008042E1	1.646998E1	1.054602E0
2.009709E1	1.650606E1	1.034202E0
2.011375E1	1.652760E1	1.018320E0
2.013042E1	1.655406E1	1.021926E0
2.014708E1	1.657115E1	9.820945E-1
2.016374E1	1.656398E1	9.202377E-1
2.018041E1	1.650398E1	9.473782E-1
2.019707E1	1.647856E1	1.010553E0
2.021374E1	1.645334E1	1.069777E0
2.023040E1	1.642955E1	1.139269E0
2.024707E1	1.642296E1	1.153887E0
2.026373E1	1.642211E1	1.168120E0
2.028039E1	1.642351E1	1.168045E0
2.029706E1	1.644049E1	1.129509E0
2.031372E1	1.646204E1	1.093460E0
2.033039E1	1.647653E1	1.128391E0
2.034705E1	1.651004E1	1.120810E0
2.036372E1	1.652724E1	1.104415E0
2.038038E1	1.652275E1	1.120791E0
2.039704E1	1.652300E1	1.144252E0
2.041371E1	1.654008E1	1.128831E0
2.043037E1	1.653359E1	1.134912E0
2.044704E1	1.653916E1	1.108322E0
2.046370E1	1.654594E1	1.064369E0
2.048037E1	1.659011E1	9.733114E-1
2.049703E1	1.662981E1	9.396507E-1
2.051369E1	1.669661E1	9.829684E-1
2.053036E1	1.675644E1	1.006376E0
2.054702E1	1.680711E1	9.931173E-1
2.056369E1	1.683509E1	1.000040E0
2.058035E1	1.686410E1	1.008206E0
2.059701E1	1.691298E1	1.034686E0
2.061368E1	1.694397E1	1.053280E0
2.063034E1	1.693751E1	1.057146E0
2.064701E1	1.693971E1	1.041748E0
2.066367E1	1.696099E1	1.045316E0
2.068034E1	1.698036E1	1.050780E0
2.069700E1	1.697066E1	1.038483E0
2.071366E1	1.697089E1	1.039881E0
2.073033E1	1.697951E1	1.082987E0
2.074699E1	1.700935E1	1.119590E0
2.076366E1	1.701874E1	1.099810E0
2.078032E1	1.704708E1	1.078663E0
2.079699E1	1.705826E1	1.076185E0
2.081365E1	1.705320E1	1.087518E0
2.083031E1	1.707441E1	1.089027E0
2.084698E1	1.709215E1	1.080551E0
2.086364E1	1.709366E1	1.056861E0
2.088031E1	1.710404E1	1.048074E0
2.089697E1	1.710977E1	1.073790E0
2.091364E1	1.711683E1	1.100108E0
2.093030E1	1.715923E1	1.075111E0
2.094696E1	1.718520E1	1.059407E0
2.096363E1	1.721564E1	1.064531E0
2.098029E1	1.722922E1	1.021356E0
2.099696E1	1.722265E1	9.620759E-1
2.101362E1	1.715127E1	9.854568E-1
2.103029E1	1.712292E1	1.049642E0
2.104695E1	1.709872E1	1.112295E0
2.106361E1	1.708356E1	1.180824E0
2.108028E1	1.707093E1	1.213407E0
2.109694E1	1.707180E1	1.227337E0
2.111361E1	1.707273E1	1.231768E0
2.113027E1	1.708680E1	1.198221E0
2.114694E1	1.711708E1	1.148747E0
2.116360E1	1.713146E1	1.171498E0
2.118026E1	1.717506E1	1.167420E0
2.119693E1	1.720492E1	1.167709E0
2.121359E1	1.718632E1	1.178140E0
2.123026E1	1.719085E1	1.205191E0
2.124692E1	1.720549E1	1.204735E0
2.126358E1	1.720688E1	1.206693E0
2.128025E1	1.721652E1	1.180017E0
2.129691E1	1.723165E1	1.134461E0
2.131358E1	1.727436E1	1.046748E0
2.133024E1	1.731577E1	1.005158E0
2.134691E1	1.738199E1	1.046860E0
2.136357E1	1.744196E1	1.067049E0
2.138023E1	1.748362E1	1.057457E0
2.139690E1	1.752069E1	1.061384E0
2.141356E1	1.754629E1	1.073513E0
2.143023E1	1.759773E1	1.097011E0
2.144689E1	1.763586E1	1.120533E0
2.146356E1	1.763319E1	1.128578E0
2.148022E1	1.763479E1	1.118360E0
2.149688E1	1.764421E1	1.115689E0
2.151355E1	1.767397E1	1.123010E0
2.153021E1	1.766293E1	1.106261E0
2.154688E1	1.766342E1	1.102721E0
2.156354E1	1.767051E1	1.148890E0
2.158021E1	1.769105E1	1.180743E0
2.159687E1	1.770723E1	1.164069E0
2.161353E1	1.772893E1	1.155424E0
2.163020E1	1.775238E1	1.161605E0
2.164686E1	1.774568E1	1.165634E0
2.166353E1	1.776529E1	1.162739E0
2.168019E1	1.778067E1	1.154862E0
2.169686E1	1.777608E1	1.135479E0
2.171352E1	1.778360E1	1.125376E0
2.173018E1	1.779141E1	1.147302E0
2.174685E1	1.780067E1	1.169561E0
2.176351E1	1.784553E1	1.164836E0
2.178018E1	1.787720E1	1.144354E0
2.179684E1	1.790068E1	1.162408E0
2.181351E1	1.792833E1	1.143761E0
2.183017E1	1.792513E1	1.082415E0
2.184683E1	1.785774E1	1.098432E0
2.186350E1	1.781494E1	1.164492E0
2.188016E1	1.779174E1	1.227711E0
2.189683E1	1.777446E1	1.294512E0
2.191349E1	1.777175E1	1.318368E0
2.193015E1	1.777343E1	1.334182E0
2.194682E1	1.776893E1	1.346515E0
2.196348E1	1.777716E1	1.308329E0
2.198015E1	1.781329E1	1.257356E0
2.199681E1	1.782204E1	1.282337E0
2.201348E1	1.785590E1	1.301305E0
2.203014E1	1.789166E1	1.304213E0
2.204680E1	1.789020E1	1.317539E0
2.206347E1	1.788877E1	1.342895E0
2.208013E1	1.789904E1	1.321814E0
2.209680E1	1.789131E1	1.327609E0
2.211346E1	1.789351E1	1.311158E0
2.213013E1	1.792643E1	1.268228E0
2.214679E1	1.797786E1	1.182104E0
2.216345E1	1.801614E1	1.140399E0
2.218012E1	1.807072E1	1.177652E0
2.219678E1	1.812518E1	1.211899E0
2.221345E1	1.817131E1	1.202922E0
2.223011E1	1.820596E1	1.208319E0
2.224678E1	1.822879E1	1.208624E0
2.226344E1	1.828389E1	1.227814E0
2.228010E1	1.831804E1	1.256205E0
2.229677E1	1.831997E1	1.270875E0
2.231343E1	1.832258E1	1.263340E0
2.233010E1	1.833008E1	1.260762E0
2.234676E1	1.835526E1	1.269410E0
2.236343E1	1.835677E1	1.254612E0
2.238009E1	1.835263E1	1.250041E0
2.239675E1	1.835907E1	1.282204E0
2.241342E1	1.838347E1	1.335118E0
2.243008E1	1.840036E1	1.329312E0
2.244675E1	1.841753E1	1.305715E0
2.246341E1	1.844049E1	1.301523E0
2.248008E1	1.843108E1	1.306627E0
2.249674E1	1.844711E1	1.302131E0
2.251340E1	1.847341E1	1.302624E0
2.253007E1	1.847416E1	1.289060E0
2.254673E1	1.847675E1	1.276401E0
2.256340E1	1.848671E1	1.288705E0
2.258006E1	1.848659E1	1.317743E0
2.259672E1	1.852440E1	1.308230E0
2.261339E1	1.855108E1	1.284864E0
2.263005E1	1.858617E1	1.300910E0
2.264672E1	1.860723E1	1.286238E0
2.266338E1	1.861273E1	1.218506E0
2.268005E1	1.855090E1	1.224293E0
2.269671E1	1.849743E1	1.290028E0
2.271337E1	1.848001E1	1.350084E0
2.273004E1	1.845723E1	1.418731E0
2.274670E1	1.846041E1	1.444227E0
2.276337E1	1.845200E1	1.461163E0
2.278003E1	1.845413E1	1.472080E0
2.279670E1	1.845843E1	1.455756E0
2.281336E1	1.849273E1	1.397657E0
2.283002E1	1.849739E1	1.404627E0
2.284669E1	1.853983E1	1.425627E0
2.286335E1	1.857883E1	1.425550E0
2.288002E1	1.857228E1	1.439020E0
2.289668E1	1.855718E1	1.459550E0
2.291335E1	1.857602E1	1.451060E0
2.293001E1	1.857287E1	1.459177E0
2.294667E1	1.857530E1	1.438856E0
2.296334E1	1.860625E1	1.402444E0
2.298000E1	1.865250E1	1.316142E0
2.299667E1	1.868970E1	1.264353E0
2.301333E1	1.873640E1	1.282605E0
2.303000E1	1.880404E1	1.319278E0
2.304666E1	1.885120E1	1.310401E0
2.306332E1	1.889218E1	1.307466E0
2.307999E1	1.891649E1	1.318138E0
2.309665E1	1.895830E1	1.340460E0
2.311332E1	1.900143E1	1.367065E0
2.312998E1	1.900699E1	1.383656E0
2.314665E1	1.900871E1	1.376919E0
2.316331E1	1.901195E1	1.372808E0
2.317997E1	1.903724E1	1.381832E0
2.319664E1	1.904243E1	1.367454E0
2.321330E1	1.903639E1	1.359324E0
2.322997E1	1.904222E1	1.388996E0
2.324663E1	1.906337E1	1.453139E0
2.326330E1	1.907940E1	1.449702E0
2.327996E1	1.910218E1	1.421009E0
2.329662E1	1.912518E1	1.412777E0
2.331329E1	1.911825E1	1.419165E0
2.332995E1	1.912586E1	1.420952E0
2.334662E1	1.915517E1	1.423594E0
2.336328E1	1.915482E1	1.409583E0
2.337994E1	1.915800E1	1.395254E0
2.339661E1	1.916154E1	1.399773E0
2.341327E1	1.916981E1	1.425553E0
2.342994E1	1.920089E1	1.424699E0
2.344660E1	1.922618E1	1.391465E0
2.346327E1	1.923541E1	1.397059E0
2.347993E1	1.927013E1	1.396398E0
2.349659E1	1.928029E1	1.327573E0
2.351326E1	1.923066E1	1.317243E0
2.352992E1	1.915926E1	1.357855E0
2.354659E1	1.914587E1	1.408020E0
2.356325E1	1.911457E1	1.476796E0
2.357992E1	1.910811E1	1.486577E0
2.359658E1	1.910843E1	1.502124E0
2.361324E1	1.909953E1	1.509966E0
2.362991E1	1.910840E1	1.502927E0
2.364657E1	1.913997E1	1.448539E0
2.366324E1	1.915326E1	1.469762E0
2.367990E1	1.917817E1	1.492856E0
2.369657E1	1.922489E1	1.484928E0
2.371323E1	1.922297E1	1.489453E0
2.372989E1	1.922043E1	1.523031E0
2.374656E1	1.923095E1	1.513412E0
2.376322E1	1.923062E1	1.514542E0
2.377989E1	1.923807E1	1.506083E0
2.379655E1	1.925788E1	1.473215E0
2.381322E1	1.930766E1	1.411247E0
2.382988E1	1.935346E1	1.349584E0
2.384654E1	1.939916E1	1.370078E0
2.386321E1	1.946300E1	1.415062E0
2.387987E1	1.950982E1	1.410569E0
2.389654E1	1.954990E1	1.417025E0
2.391320E1	1.958619E1	1.438577E0
2.392987E1	1.962540E1	1.457200E0
2.394653E1	1.966996E1	1.479798E0
2.396319E1	1.967244E1	1.501478E0
2.397986E1	1.967998E1	1.502588E0
2.399652E1	1.968690E1	1.494950E0
2.401319E1	1.970998E1	1.501501E0
2.402985E1	1.971180E1	1.494613E0
2.404651E1	1.970421E1	1.484015E0
2.406318E1	1.970674E1	1.505970E0
2.407984E1	1.973021E1	1.573417E0
2.409651E1	1.974622E1	1.577751E0
2.411317E1	1.976504E1	1.552762E0
2.412984E1	1.978360E1	1.544917E0
2.414650E1	1.978339E1	1.545166E0
2.416316E1	1.978180E1	1.548353E0
2.417983E1	1.981272E1	1.542593E0
2.419649E1	1.981876E1	1.537929E0
2.421316E1	1.982131E1	1.515874E0
2.422982E1	1.982567E1	1.525413E0
2.424649E1	1.982400E1	1.549714E0
2.426315E1	1.985919E1	1.560602E0
2.427981E1	1.988412E1	1.523782E0
2.429648E1	1.989353E1	1.531120E0
2.431314E1	1.993626E1	1.536717E0
2.432981E1	1.994607E1	1.462366E0
2.434647E1	1.990153E1	1.431267E0
2.436314E1	1.983490E1	1.488989E0
2.437980E1	1.982309E1	1.537977E0
2.439646E1	1.978506E1	1.587639E0
2.441313E1	1.978236E1	1.619113E0
2.442979E1	1.977824E1	1.628314E0
2.444646E1	1.977925E1	1.642255E0
2.446312E1	1.979183E1	1.630863E0
2.447979E1	1.982038E1	1.565934E0
2.449645E1	1.982468E1	1.563883E0
2.451311E1	1.985784E1	1.599845E0
2.452978E1	1.990380E1	1.591419E0
2.454644E1	1.990751E1	1.592921E0
2.456311E1	1.989256E1	1.627981E0
2.457977E1	1.990406E1	1.615595E0
2.459644E1	1.990821E1	1.611948E0
2.461310E1	1.989972E1	1.608896E0
2.462976E1	1.992779E1	1.575019E0
2.464643E1	1.996197E1	1.506198E0
2.466309E1	2.001483E1	1.447580E0
2.467976E1	2.005914E1	1.464732E0
2.469642E1	2.012832E1	1.519081E0
2.471308E1	2.017703E1	1.517948E0
2.472975E1	2.021935E1	1.517466E0
2.474641E1	2.024718E1	1.539541E0
2.476308E1	2.028468E1	1.555802E0
2.477974E1	2.033172E1	1.575943E0
2.479641E1	2.033486E1	1.597207E0
2.481307E1	2.034002E1	1.600182E0
2.482973E1	2.034798E1	1.591968E0
2.484640E1	2.037002E1	1.597740E0
2.486306E1	2.037938E1	1.597794E0
2.487973E1	2.037298E1	1.574369E0
2.489639E1	2.037619E1	1.592915E0
2.491306E1	2.038279E1	1.663419E0
2.492972E1	2.041047E1	1.669042E0
2.494638E1	2.042590E1	1.648482E0
2.496305E1	2.045015E1	1.633138E0
2.497971E1	2.045164E1	1.634124E0
2.499638E1	2.044187E1	1.642541E0
2.501304E1	2.047231E1	1.634638E0
2.502971E1	2.047931E1	1.635053E0
2.504637E1	2.048271E1	1.611946E0
2.506303E1	2.049026E1	1.611007E0
2.507970E1	2.048898E1	1.637000E0
2.509636E1	2.051451E1	1.645183E0
2.511303E1	2.054385E1	1.617391E0
2.512969E1	2.055398E1	1.619444E0
2.514636E1	2.057774E1	1.618052E0
2.516302E1	2.060036E1	1.542400E0
2.517968E1	2.058614E1	1.508414E0
2.519635E1	2.050599E1	1.556542E0
2.521301E1	2.048704E1	1.611917E0
2.522968E1	2.045443E1	1.667022E0
2.524634E1	2.043647E1	1.707460E0
2.526301E1	2.042810E1	1.719950E0
2.527967E1	2.042528E1	1.736763E0
2.529633E1	2.042443E1	1.739912E0
2.531300E1	2.046491E1	1.689662E0
2.532966E1	2.048181E1	1.675441E0
2.534633E1	2.049179E1	1.692646E0
2.536299E1	2.054696E1	1.686657E0
2.537965E1	2.056499E1	1.683878E0
2.539632E1	2.053967E1	1.697517E0
2.541298E1	2.053979E1	1.702602E0
2.542965E1	2.055843E1	1.712918E0
2.544631E1	2.055969E1	1.712208E0
2.546298E1	2.058421E1	1.685969E0
2.547964E1	2.061668E1	1.635349E0
2.549630E1	2.067735E1	1.550812E0
2.551297E1	2.071881E1	1.549785E0
2.552963E1	2.077597E1	1.595718E0
2.554630E1	2.083897E1	1.605031E0
2.556296E1	2.087542E1	1.598177E0
2.557963E1	2.090657E1	1.610321E0
2.559629E1	2.092990E1	1.619066E0
2.561295E1	2.098783E1	1.645645E0
2.562962E1	2.099920E1	1.663565E0
2.564628E1	2.100187E1	1.671202E0
2.566295E1	2.101073E1	1.663317E0
2.567961E1	2.102414E1	1.670217E0
2.569628E1	2.104416E1	1.666239E0
2.571294E1	2.103527E1	1.647886E0
2.572960E1	2.102955E1	1.659507E0
2.574627E1	2.103901E1	1.705963E0
2.576293E1	2.106607E1	1.740348E0
2.577960E1	2.107804E1	1.719657E0
2.579626E1	2.110348E1	1.708458E0
2.581293E1	2.111260E1	1.702776E0
2.582959E1	2.110435E1	1.712336E0
2.584625E1	2.112897E1	1.707960E0
2.586292E1	2.114104E1	1.707602E0
2.587958E1	2.114117E1	1.685827E0
2.589625E1	2.114327E1	1.679083E0
2.591291E1	2.115176E1	1.699557E0
2.592958E1	2.114537E1	1.718013E0
2.594624E1	2.119540E1	1.679548E0
2.596290E1	2.120005E1	1.671778E0
2.597957E1	2.121861E1	1.674840E0
2.599623E1	2.125814E1	1.629185E0
2.601290E1	2.125102E1	1.565591E0
2.602956E1	2.117865E1	1.612594E0
2.604622E1	2.114164E1	1.673523E0
2.606289E1	2.111336E1	1.723553E0
2.607955E1	2.109224E1	1.778167E0
2.609622E1	2.108893E1	1.797998E0
2.611288E1	2.107627E1	1.804157E0
2.612955E1	2.107546E1	1.806818E0
2.614621E1	2.108731E1	1.775366E0
2.616287E1	2.111997E1	1.756321E0
2.617954E1	2.112859E1	1.770666E0
2.619620E1	2.117969E1	1.772229E0
2.621287E1	2.120420E1	1.751904E0
2.622953E1	2.119503E1	1.763564E0
2.624620E1	2.118533E1	1.792536E0
2.626286E1	2.120695E1	1.799108E0
2.627952E1	2.120231E1	1.806135E0
2.629619E1	2.120843E1	1.769680E0
2.631285E1	2.124331E1	1.727097E0
2.632952E1	2.131144E1	1.643246E0
2.634618E1	2.134075E1	1.611824E0
2.636285E1	2.140088E1	1.661222E0
2.637951E1	2.146157E1	1.684074E0
2.639617E1	2.150132E1	1.666524E0
2.641284E1	2.153713E1	1.670351E0
2.642950E1	2.156493E1	1.677529E0
2.644617E1	2.160690E1	1.711986E0
2.646283E1	2.163655E1	1.736127E0
2.647950E1	2.163726E1	1.741322E0
2.649616E1	2.163487E1	1.728510E0
2.651282E1	2.164929E1	1.731752E0
2.652949E1	2.167110E1	1.730555E0
2.654615E1	2.166855E1	1.721891E0
2.656282E1	2.166982E1	1.722836E0
2.657948E1	2.167365E1	1.761505E0
2.659615E1	2.169034E1	1.805570E0
2.661281E1	2.171187E1	1.798898E0
2.662947E1	2.173462E1	1.775223E0
2.664614E1	2.174271E1	1.772618E0
2.666280E1	2.173832E1	1.763874E0
2.667947E1	2.174957E1	1.769923E0
2.669613E1	2.176736E1	1.767296E0
2.671280E1	2.177182E1	1.753758E0
2.672946E1	2.177481E1	1.734900E0
2.674612E1	2.177068E1	1.750709E0
2.676279E1	2.177591E1	1.777416E0
2.677945E1	2.180892E1	1.764228E0
2.679612E1	2.182956E1	1.739555E0
2.681278E1	2.194653E1	1.774587E0
2.682944E1	2.186993E1	1.722079E0
2.684611E1	2.188827E1	1.657866E0
2.686277E1	2.182868E1	1.668780E0
2.687944E1	2.177521E1	1.737314E0
2.689610E1	2.175050E1	1.794802E0
2.691277E1	2.172281E1	1.865271E0
2.692943E1	2.171595E1	1.880967E0
2.694609E1	2.171118E1	1.897261E0
2.696276E1	2.171251E1	1.898914E0
2.697942E1	2.173012E1	1.893887E0
2.699609E1	2.175900E1	1.838827E0
2.701275E1	2.177215E1	1.872566E0
2.702942E1	2.180886E1	1.876397E0
2.704608E1	2.184882E1	1.859749E0
2.706274E1	2.184978E1	1.871791E0
2.707941E1	2.183447E1	1.895627E0
2.709607E1	2.184522E1	1.899911E0
2.711274E1	2.184341E1	1.906863E0
2.712940E1	2.185586E1	1.889452E0
2.714607E1	2.188246E1	1.862242E0
2.716273E1	2.193878E1	1.781227E0
2.717939E1	2.198435E1	1.724901E0
2.719606E1	2.203325E1	1.756398E0
2.721272E1	2.209509E1	1.799009E0
2.722939E1	2.215190E1	1.798426E0
2.724605E1	2.219651E1	1.796948E0
2.726272E1	2.221329E1	1.805045E0
2.727938E1	2.225626E1	1.827470E0
2.729604E1	2.229733E1	1.850405E0
2.731271E1	2.229289E1	1.863649E0
2.732937E1	2.230201E1	1.851628E0
